0.261935
0.256596
0.251358
0.246219
0.241175
0.236225
0.231366
0.226598
0.221916
0.217321
0.21281
0.208382
0.204035
0.199768
0.195579
0.191466
0.187429
0.183465
0.179575
0.175755
0.172005
0.168324
0.164711
0.161164
0.157681
0.154262
0.150906
0.147612
0.144377
0.141203
0.138086
0.135027
0.132025
0.129077
0.126184
0.123345
0.120558
0.117822
0.115138
0.112503
0.109917
0.10738
0.10489
0.102447
0.100049
0.0976972
0.0953895
0.0931257
0.090905
0.088727
0.0865909
0.0844963
0.0824425
0.0804287
0.0784545
0.0765194
0.0746228
0.0727643
0.0709434
0.0691595
0.067412
0.0657018
0.0640305
0.0624
0.0608116
0.0592681
0.0577712
0.0563228
0.0549268
0.0535874
0.052306
0.051085
0.0499258
0.048829
0.047793
0.0468156
0.0458952
0.0450295
0.0442157
0.0434512
0.0427323
0.0420529
0.041408
0.0408
0.0402341
0.0397116
0.0392329
0.038796
0.0383975
0.0380343
0.0377056
0.0374064
0.0371352
0.0368901
0.036669
0.0364696
0.0362894
0.0361268
0.03598
0.0358476
0.0357285
0.0356168
0.0355233
0.0354389
0.035361
0.0352906
0.0352278
0.0351718
0.0351217
0.0350766
0.0350362
0.0350031
0.034977
0.0349586
0.0349379
0.0348994
0.0348617
0.0348167
0.0347649
0.0347128
0.0346707
0.0346422
0.0346212
0.0346043
0.03461
0.0345919
0.0345807
0.0345743
0.0345874
0.0345927
0.0345562
0.0346044
0.0345747
0.0345836
0.0347352
0.0345643
0.0344752
0.033761
0.0338434
0.0340541
0.0340439
0.0347844
0.0356423
0.0372152
0.0433684
0.0667737
0.0674563
2.70209
2265.35
