psi sys matrix & rhs
A(psi_1) = 
            1 0 0 0 0 0 0 0 0 0   ...  0 0 0 0 0 0 0 0 0 0 
            0 3.61946 0 0 0 0 0 0 0 0   ...  0 0 0 0 0 0 0 0 0 0 
            0 0 3.61946 0 0 0 0 0 0 0   ...  0 0 0 0 0 0 0 0 0 0 
            0 0 0 3.61946 0 0 0 0 0 0   ...  0 0 0 0 0 0 0 0 0 0 
            0 0 0 0 3.61946 0 0 0 0 0   ...  0 0 0 0 0 0 0 0 0 0 
            0 0 0 0 0 3.61946 0 0 0 0   ...  0 0 0 0 0 0 0 0 0 0 
            0 0 0 0 0 0 3.61946 0 0 0   ...  0 0 0 0 0 0 0 0 0 0 
            0 0 0 0 0 0 0 3.61946 0 0   ...  0 0 0 0 0 0 0 0 0 0 
            0 0 0 0 0 0 0 0 3.61946 0   ...  0 0 0 0 0 0 0 0 0 0 
            0 0 0 0 0 0 0 0 0 3.61946   ...  0 0 0 0 0 0 0 0 0 0 
              .
              .
              .
            0 0 0 0 0 0 0 0 0 0   ...  3.49697 -0.701121 0 0 0 0 0 0 0 0 
            0 0 0 0 0 0 0 0 0 0   ...  -0.701121 3.4722 0 0 0 0 0 -0.599959 0 0 
            0 0 0 0 0 0 0 0 0 0   ...  0 0 3.51048 0 -0.673333 -0.673333 0 0 0 0 
            0 0 0 0 0 0 0 0 0 0   ...  0 0 0 3.4722 -0.701121 0 0 0 0 -0.599959 
            0 0 0 0 0 0 0 0 0 0   ...  0 0 -0.673333 -0.701121 3.49697 -0.389198 0 0 0 0 
            0 0 0 0 0 0 0 0 0 0   ...  0 0 -0.673333 0 -0.389198 3.49697 -0.701121 0 0 0 
            0 0 0 0 0 0 0 0 0 0   ...  0 0 0 0 0 -0.701121 3.4722 0 -0.599959 0 
            0 0 0 0 0 0 0 0 0 0   ...  0 -0.599959 0 0 0 0 0 3.45067 -0.56962 -0.56962 
            0 0 0 0 0 0 0 0 0 0   ...  0 0 0 0 0 0 -0.599959 -0.56962 3.45067 -0.56962 
            0 0 0 0 0 0 0 0 0 0   ...  0 0 0 -0.599959 0 0 0 -0.56962 -0.56962 3.45067 

b(psi_1) = 
 0 -2.61328 -2.5845 -2.58542 -2.59002 -2.62016 -2.60759 -2.58698 -2.61736 -2.60676  ...  -0.394934 0.464843 -0.45855 0.446803 -0.414756 -0.416201 0.442965 1.88617 1.8778 1.87918
A(psi_2) = 
            1 0 0 0 0 0 0 0 0 0   ...  0 0 0 0 0 0 0 0 0 0 
            0 3.61892 0 0 0 0 0 0 0 0   ...  0 0 0 0 0 0 0 0 0 0 
            0 0 3.61851 0 0 0 0 0 0 0   ...  0 0 0 0 0 0 0 0 0 0 
            0 0 0 3.61861 0 0 0 0 0 0   ...  0 0 0 0 0 0 0 0 0 0 
            0 0 0 0 3.61861 0 0 0 0 0   ...  0 0 0 0 0 0 0 0 0 0 
            0 0 0 0 0 3.61882 0 0 0 0   ...  0 0 0 0 0 0 0 0 0 0 
            0 0 0 0 0 0 3.6192 0 0 0   ...  0 0 0 0 0 0 0 0 0 0 
            0 0 0 0 0 0 0 3.61865 0 0   ...  0 0 0 0 0 0 0 0 0 0 
            0 0 0 0 0 0 0 0 3.61942 0   ...  0 0 0 0 0 0 0 0 0 0 
            0 0 0 0 0 0 0 0 0 3.61941   ...  0 0 0 0 0 0 0 0 0 0 
              .
              .
              .
            0 0 0 0 0 0 0 0 0 0   ...  3.48739 -0.698523 0 0 0 0 0 0 0 0 
            0 0 0 0 0 0 0 0 0 0   ...  -0.698523 3.4672 0 0 0 0 0 -0.587733 0 0 
            0 0 0 0 0 0 0 0 0 0   ...  0 0 3.4879 0 -0.666276 -0.667737 0 0 0 0 
            0 0 0 0 0 0 0 0 0 0   ...  0 0 0 3.46671 -0.697174 0 0 0 0 -0.5877 
            0 0 0 0 0 0 0 0 0 0   ...  0 0 -0.666276 -0.697174 3.48706 -0.402855 0 0 0 0 
            0 0 0 0 0 0 0 0 0 0   ...  0 0 -0.667737 0 -0.402855 3.48761 -0.6982 0 0 0 
            0 0 0 0 0 0 0 0 0 0   ...  0 0 0 0 0 -0.6982 3.4671 0 -0.587044 0 
            0 0 0 0 0 0 0 0 0 0   ...  0 -0.587733 0 0 0 0 0 3.45078 -0.568041 -0.568492 
            0 0 0 0 0 0 0 0 0 0   ...  0 0 0 0 0 0 -0.587044 -0.568041 3.45073 -0.569331 
            0 0 0 0 0 0 0 0 0 0   ...  0 0 0 -0.5877 0 0 0 -0.568492 -0.569331 3.45077 

b(psi_2) = 
 0 -3.10604 -3.06099 -3.05946 -3.06649 -3.12073 -3.09807 -3.05749 -3.11145 -3.0917  ...  -0.29045 0.380347 -0.386753 0.326263 -0.343596 -0.341322 0.320989 1.43092 1.40849 1.41242
A(psi_3) = 
            1 0 0 0 0 0 0 0 0 0   ...  0 0 0 0 0 0 0 0 0 0 
            0 3.61878 0 0 0 0 0 0 0 0   ...  0 0 0 0 0 0 0 0 0 0 
            0 0 3.61789 0 0 0 0 0 0 0   ...  0 0 0 0 0 0 0 0 0 0 
            0 0 0 3.61808 0 0 0 0 0 0   ...  0 0 0 0 0 0 0 0 0 0 
            0 0 0 0 3.61817 0 0 0 0 0   ...  0 0 0 0 0 0 0 0 0 0 
            0 0 0 0 0 3.61887 0 0 0 0   ...  0 0 0 0 0 0 0 0 0 0 
            0 0 0 0 0 0 3.61918 0 0 0   ...  0 0 0 0 0 0 0 0 0 0 
            0 0 0 0 0 0 0 3.61827 0 0   ...  0 0 0 0 0 0 0 0 0 0 
            0 0 0 0 0 0 0 0 3.6196 0   ...  0 0 0 0 0 0 0 0 0 0 
            0 0 0 0 0 0 0 0 0 3.61957   ...  0 0 0 0 0 0 0 0 0 0 
              .
              .
              .
            0 0 0 0 0 0 0 0 0 0   ...  3.48129 -0.695772 0 0 0 0 0 0 0 0 
            0 0 0 0 0 0 0 0 0 0   ...  -0.695772 3.46496 0 0 0 0 0 -0.579185 0 0 
            0 0 0 0 0 0 0 0 0 0   ...  0 0 3.47498 0 -0.656652 -0.661621 0 0 0 0 
            0 0 0 0 0 0 0 0 0 0   ...  0 0 0 3.46362 -0.690328 0 0 0 0 -0.578916 
            0 0 0 0 0 0 0 0 0 0   ...  0 0 -0.656652 -0.690328 3.47958 -0.419713 0 0 0 0 
            0 0 0 0 0 0 0 0 0 0   ...  0 0 -0.661621 0 -0.419713 3.48053 -0.694033 0 0 0 
            0 0 0 0 0 0 0 0 0 0   ...  0 0 0 0 0 -0.694033 3.46442 0 -0.5761 0 
            0 0 0 0 0 0 0 0 0 0   ...  0 -0.579185 0 0 0 0 0 3.45117 -0.564776 -0.566657 
            0 0 0 0 0 0 0 0 0 0   ...  0 0 0 0 0 0 -0.5761 -0.564776 3.45104 -0.569851 
            0 0 0 0 0 0 0 0 0 0   ...  0 0 0 -0.578916 0 0 0 -0.566657 -0.569851 3.45104 

b(psi_3) = 
 0 -3.42725 -3.38626 -3.37959 -3.38941 -3.44712 -3.42543 -3.37162 -3.43333 -3.40907  ...  -0.196279 0.335711 -0.328748 0.266385 -0.26048 -0.256775 0.264195 1.12764 1.1001 1.10452
A(psi_4) = 
            1 0 0 0 0 0 0 0 0 0   ...  0 0 0 0 0 0 0 0 0 0 
            0 3.61885 0 0 0 0 0 0 0 0   ...  0 0 0 0 0 0 0 0 0 0 
            0 0 3.61741 0 0 0 0 0 0 0   ...  0 0 0 0 0 0 0 0 0 0 
            0 0 0 3.61769 0 0 0 0 0 0   ...  0 0 0 0 0 0 0 0 0 0 
            0 0 0 0 3.61794 0 0 0 0 0   ...  0 0 0 0 0 0 0 0 0 0 
            0 0 0 0 0 3.61922 0 0 0 0   ...  0 0 0 0 0 0 0 0 0 0 
            0 0 0 0 0 0 3.61928 0 0 0   ...  0 0 0 0 0 0 0 0 0 0 
            0 0 0 0 0 0 0 3.61811 0 0   ...  0 0 0 0 0 0 0 0 0 0 
            0 0 0 0 0 0 0 0 3.61988 0   ...  0 0 0 0 0 0 0 0 0 0 
            0 0 0 0 0 0 0 0 0 3.6198   ...  0 0 0 0 0 0 0 0 0 0 
              .
              .
              .
            0 0 0 0 0 0 0 0 0 0   ...  3.47699 -0.692943 0 0 0 0 0 0 0 0 
            0 0 0 0 0 0 0 0 0 0   ...  -0.692943 3.46401 0 0 0 0 0 -0.573064 0 0 
            0 0 0 0 0 0 0 0 0 0   ...  0 0 3.4671 0 -0.645397 -0.655142 0 0 0 0 
            0 0 0 0 0 0 0 0 0 0   ...  0 0 0 3.46158 -0.681699 0 0 0 0 -0.572648 
            0 0 0 0 0 0 0 0 0 0   ...  0 0 -0.645397 -0.681699 3.47357 -0.437652 0 0 0 0 
            0 0 0 0 0 0 0 0 0 0   ...  0 0 -0.655142 0 -0.437652 3.47499 -0.689215 0 0 0 
            0 0 0 0 0 0 0 0 0 0   ...  0 0 0 0 0 -0.689215 3.46291 0 -0.566702 0 
            0 0 0 0 0 0 0 0 0 0   ...  0 -0.573064 0 0 0 0 0 3.45176 -0.560871 -0.564832 
            0 0 0 0 0 0 0 0 0 0   ...  0 0 0 0 0 0 -0.566702 -0.560871 3.45155 -0.571277 
            0 0 0 0 0 0 0 0 0 0   ...  0 0 0 -0.572648 0 0 0 -0.564832 -0.571277 3.45139 

b(psi_4) = 
 0 -3.63722 -3.60107 -3.59053 -3.60281 -3.65758 -3.63907 -3.57915 -3.64144 -3.6151  ...  -0.119047 0.308744 -0.29009 0.232525 -0.185719 -0.181548 0.235087 0.91181 0.882737 0.886419
A(psi_5) = 
            1 0 0 0 0 0 0 0 0 0   ...  0 0 0 0 0 0 0 0 0 0 
            0 3.61905 0 0 0 0 0 0 0 0   ...  0 0 0 0 0 0 0 0 0 0 
            0 0 3.61698 0 0 0 0 0 0 0   ...  0 0 0 0 0 0 0 0 0 0 
            0 0 0 3.61738 0 0 0 0 0 0   ...  0 0 0 0 0 0 0 0 0 0 
            0 0 0 0 3.61783 0 0 0 0 0   ...  0 0 0 0 0 0 0 0 0 0 
            0 0 0 0 0 3.6197 0 0 0 0   ...  0 0 0 0 0 0 0 0 0 0 
            0 0 0 0 0 0 3.61945 0 0 0   ...  0 0 0 0 0 0 0 0 0 0 
            0 0 0 0 0 0 0 3.61806 0 0   ...  0 0 0 0 0 0 0 0 0 0 
            0 0 0 0 0 0 0 0 3.62022 0   ...  0 0 0 0 0 0 0 0 0 0 
            0 0 0 0 0 0 0 0 0 3.62007   ...  0 0 0 0 0 0 0 0 0 0 
              .
              .
              .
            0 0 0 0 0 0 0 0 0 0   ...  3.47374 -0.690164 0 0 0 0 0 0 0 0 
            0 0 0 0 0 0 0 0 0 0   ...  -0.690164 3.46369 0 0 0 0 0 -0.568627 0 0 
            0 0 0 0 0 0 0 0 0 0   ...  0 0 3.46213 0 -0.633171 -0.648512 0 0 0 0 
            0 0 0 0 0 0 0 0 0 0   ...  0 0 0 3.45999 -0.671956 0 0 0 0 -0.568182 
            0 0 0 0 0 0 0 0 0 0   ...  0 0 -0.633171 -0.671956 3.46863 -0.455591 0 0 0 0 
            0 0 0 0 0 0 0 0 0 0   ...  0 0 -0.648512 0 -0.455591 3.47059 -0.684083 0 0 0 
            0 0 0 0 0 0 0 0 0 0   ...  0 0 0 0 0 -0.684083 3.46201 0 -0.558433 0 
            0 0 0 0 0 0 0 0 0 0   ...  0 -0.568627 0 0 0 0 0 3.45246 -0.556743 -0.563273 
            0 0 0 0 0 0 0 0 0 0   ...  0 0 0 0 0 0 -0.558433 -0.556743 3.45213 -0.573563 
            0 0 0 0 0 0 0 0 0 0   ...  0 0 0 -0.568182 0 0 0 -0.563273 -0.573563 3.45173 

b(psi_5) = 
 0 -3.76934 -3.73636 -3.72295 -3.73725 -3.78682 -3.77211 -3.7107 -3.76997 -3.74296  ...  -0.0574305 0.291278 -0.267392 0.21224 -0.122924 -0.118729 0.219968 0.753378 0.724545 0.72683
A(psi_6) = 
            1 0 0 0 0 0 0 0 0 0   ...  0 0 0 0 0 0 0 0 0 0 
            0 3.61936 0 0 0 0 0 0 0 0   ...  0 0 0 0 0 0 0 0 0 0 
            0 0 3.6166 0 0 0 0 0 0 0   ...  0 0 0 0 0 0 0 0 0 0 
            0 0 0 3.61714 0 0 0 0 0 0   ...  0 0 0 0 0 0 0 0 0 0 
            0 0 0 0 3.61782 0 0 0 0 0   ...  0 0 0 0 0 0 0 0 0 0 
            0 0 0 0 0 3.62024 0 0 0 0   ...  0 0 0 0 0 0 0 0 0 0 
            0 0 0 0 0 0 3.61966 0 0 0   ...  0 0 0 0 0 0 0 0 0 0 
            0 0 0 0 0 0 0 3.61811 0 0   ...  0 0 0 0 0 0 0 0 0 0 
            0 0 0 0 0 0 0 0 3.62062 0   ...  0 0 0 0 0 0 0 0 0 0 
            0 0 0 0 0 0 0 0 0 3.62036   ...  0 0 0 0 0 0 0 0 0 0 
              .
              .
              .
            0 0 0 0 0 0 0 0 0 0   ...  3.47122 -0.687557 0 0 0 0 0 0 0 0 
            0 0 0 0 0 0 0 0 0 0   ...  -0.687557 3.46368 0 0 0 0 0 -0.565394 0 0 
            0 0 0 0 0 0 0 0 0 0   ...  0 0 3.45905 0 -0.620396 -0.641904 0 0 0 0 
            0 0 0 0 0 0 0 0 0 0   ...  0 0 0 3.45863 -0.661515 0 0 0 0 -0.565023 
            0 0 0 0 0 0 0 0 0 0   ...  0 0 -0.620396 -0.661515 3.46456 -0.473041 0 0 0 0 
            0 0 0 0 0 0 0 0 0 0   ...  0 0 -0.641904 0 -0.473041 3.46707 -0.678848 0 0 0 
            0 0 0 0 0 0 0 0 0 0   ...  0 0 0 0 0 -0.678848 3.46146 0 -0.55096 0 
            0 0 0 0 0 0 0 0 0 0   ...  0 -0.565394 0 0 0 0 0 3.4532 -0.552544 -0.562049 
            0 0 0 0 0 0 0 0 0 0   ...  0 0 0 0 0 0 -0.55096 -0.552544 3.45273 -0.576625 
            0 0 0 0 0 0 0 0 0 0   ...  0 0 0 -0.565023 0 0 0 -0.562049 -0.576625 3.45201 

b(psi_6) = 
 0 -3.84477 -3.81357 -3.79774 -3.8137 -3.85738 -3.84663 -3.78653 -3.84094 -3.81409  ...  -0.00884534 0.279426 -0.256435 0.199758 -0.0717527 -0.0676707 0.212512 0.634913 0.607277 0.607861
A(psi_7) = 
            1 0 0 0 0 0 0 0 0 0   ...  0 0 0 0 0 0 0 0 0 0 
            0 3.61975 0 0 0 0 0 0 0 0   ...  0 0 0 0 0 0 0 0 0 0 
            0 0 3.61627 0 0 0 0 0 0 0   ...  0 0 0 0 0 0 0 0 0 0 
            0 0 0 3.61697 0 0 0 0 0 0   ...  0 0 0 0 0 0 0 0 0 0 
            0 0 0 0 3.61787 0 0 0 0 0   ...  0 0 0 0 0 0 0 0 0 0 
            0 0 0 0 0 3.62082 0 0 0 0   ...  0 0 0 0 0 0 0 0 0 0 
            0 0 0 0 0 0 3.61991 0 0 0   ...  0 0 0 0 0 0 0 0 0 0 
            0 0 0 0 0 0 0 3.61823 0 0   ...  0 0 0 0 0 0 0 0 0 0 
            0 0 0 0 0 0 0 0 3.62107 0   ...  0 0 0 0 0 0 0 0 0 0 
            0 0 0 0 0 0 0 0 0 3.62068   ...  0 0 0 0 0 0 0 0 0 0 
              .
              .
              .
            0 0 0 0 0 0 0 0 0 0   ...  3.46921 -0.6852 0 0 0 0 0 0 0 0 
            0 0 0 0 0 0 0 0 0 0   ...  -0.6852 3.46384 0 0 0 0 0 -0.56304 0 0 
            0 0 0 0 0 0 0 0 0 0   ...  0 0 3.45732 0 -0.607311 -0.635417 0 0 0 0 
            0 0 0 0 0 0 0 0 0 0   ...  0 0 0 3.4574 -0.65063 0 0 0 0 -0.562823 
            0 0 0 0 0 0 0 0 0 0   ...  0 0 -0.607311 -0.65063 3.46127 -0.489848 0 0 0 0 
            0 0 0 0 0 0 0 0 0 0   ...  0 0 -0.635417 0 -0.489848 3.4643 -0.673634 0 0 0 
            0 0 0 0 0 0 0 0 0 0   ...  0 0 0 0 0 -0.673634 3.46113 0 -0.544031 0 
            0 0 0 0 0 0 0 0 0 0   ...  0 -0.56304 0 0 0 0 0 3.45396 -0.548311 -0.56115 
            0 0 0 0 0 0 0 0 0 0   ...  0 0 0 0 0 0 -0.544031 -0.548311 3.45332 -0.580371 
            0 0 0 0 0 0 0 0 0 0   ...  0 0 0 -0.562823 0 0 0 -0.56115 -0.580371 3.45223 

b(psi_7) = 
 0 -3.87791 -3.84756 -3.82949 -3.84682 -3.88455 -3.87777 -3.8206 -3.86931 -3.84319  ...  0.0291116 0.271019 -0.253972 0.191906 -0.030848 -0.0268929 0.209239 0.545182 0.51925 0.518024
A(psi_8) = 
            1 0 0 0 0 0 0 0 0 0   ...  0 0 0 0 0 0 0 0 0 0 
            0 3.62021 0 0 0 0 0 0 0 0   ...  0 0 0 0 0 0 0 0 0 0 
            0 0 3.61596 0 0 0 0 0 0 0   ...  0 0 0 0 0 0 0 0 0 0 
            0 0 0 3.61684 0 0 0 0 0 0   ...  0 0 0 0 0 0 0 0 0 0 
            0 0 0 0 3.61795 0 0 0 0 0   ...  0 0 0 0 0 0 0 0 0 0 
            0 0 0 0 0 3.62142 0 0 0 0   ...  0 0 0 0 0 0 0 0 0 0 
            0 0 0 0 0 0 3.62021 0 0 0   ...  0 0 0 0 0 0 0 0 0 0 
            0 0 0 0 0 0 0 3.61842 0 0   ...  0 0 0 0 0 0 0 0 0 0 
            0 0 0 0 0 0 0 0 3.6216 0   ...  0 0 0 0 0 0 0 0 0 0 
            0 0 0 0 0 0 0 0 0 3.62103   ...  0 0 0 0 0 0 0 0 0 0 
              .
              .
              .
            0 0 0 0 0 0 0 0 0 0   ...  3.46762 -0.683136 0 0 0 0 0 0 0 0 
            0 0 0 0 0 0 0 0 0 0   ...  -0.683136 3.46409 0 0 0 0 0 -0.561341 0 0 
            0 0 0 0 0 0 0 0 0 0   ...  0 0 3.45662 0 -0.594045 -0.629115 0 0 0 0 
            0 0 0 0 0 0 0 0 0 0   ...  0 0 0 3.45629 -0.639438 0 0 0 0 -0.561346 
            0 0 0 0 0 0 0 0 0 0   ...  0 0 -0.594045 -0.639438 3.45867 -0.506029 0 0 0 0 
            0 0 0 0 0 0 0 0 0 0   ...  0 0 -0.629115 0 -0.506029 3.46217 -0.668516 0 0 0 
            0 0 0 0 0 0 0 0 0 0   ...  0 0 0 0 0 -0.668516 3.46097 0 -0.537458 0 
            0 0 0 0 0 0 0 0 0 0   ...  0 -0.561341 0 0 0 0 0 3.45472 -0.54403 -0.560541 
            0 0 0 0 0 0 0 0 0 0   ...  0 0 0 0 0 0 -0.537458 -0.54403 3.45393 -0.584718 
            0 0 0 0 0 0 0 0 0 0   ...  0 0 0 -0.561346 0 0 0 -0.560541 -0.584718 3.45242 

b(psi_8) = 
 0 -3.87894 -3.84883 -3.82857 -3.84703 -3.87917 -3.87619 -3.82288 -3.86562 -3.84062  ...  0.0584677 0.264757 -0.257817 0.186815 0.00129909 0.00512187 0.208192 0.476547 0.45252 0.449505
A(psi_9) = 
            1 0 0 0 0 0 0 0 0 0   ...  0 0 0 0 0 0 0 0 0 0 
            0 3.62076 0 0 0 0 0 0 0 0   ...  0 0 0 0 0 0 0 0 0 0 
            0 0 3.61568 0 0 0 0 0 0 0   ...  0 0 0 0 0 0 0 0 0 0 
            0 0 0 3.61675 0 0 0 0 0 0   ...  0 0 0 0 0 0 0 0 0 0 
            0 0 0 0 3.6181 0 0 0 0 0   ...  0 0 0 0 0 0 0 0 0 0 
            0 0 0 0 0 3.62205 0 0 0 0   ...  0 0 0 0 0 0 0 0 0 0 
            0 0 0 0 0 0 3.62053 0 0 0   ...  0 0 0 0 0 0 0 0 0 0 
            0 0 0 0 0 0 0 3.61867 0 0   ...  0 0 0 0 0 0 0 0 0 0 
            0 0 0 0 0 0 0 0 3.6222 0   ...  0 0 0 0 0 0 0 0 0 0 
            0 0 0 0 0 0 0 0 0 3.6214   ...  0 0 0 0 0 0 0 0 0 0 
              .
              .
              .
            0 0 0 0 0 0 0 0 0 0   ...  3.46634 -0.681375 0 0 0 0 0 0 0 0 
            0 0 0 0 0 0 0 0 0 0   ...  -0.681375 3.46439 0 0 0 0 0 -0.560141 0 0 
            0 0 0 0 0 0 0 0 0 0   ...  0 0 3.45682 0 -0.580659 -0.623035 0 0 0 0 
            0 0 0 0 0 0 0 0 0 0   ...  0 0 0 3.45529 -0.628009 0 0 0 0 -0.560421 
            0 0 0 0 0 0 0 0 0 0   ...  0 0 -0.580659 -0.628009 3.45673 -0.52168 0 0 0 0 
            0 0 0 0 0 0 0 0 0 0   ...  0 0 -0.623035 0 -0.52168 3.46062 -0.663519 0 0 0 
            0 0 0 0 0 0 0 0 0 0   ...  0 0 0 0 0 -0.663519 3.46096 0 -0.531099 0 
            0 0 0 0 0 0 0 0 0 0   ...  0 -0.560141 0 0 0 0 0 3.4555 -0.539673 -0.56018 
            0 0 0 0 0 0 0 0 0 0   ...  0 0 0 0 0 0 -0.531099 -0.539673 3.45457 -0.589596 
            0 0 0 0 0 0 0 0 0 0   ...  0 0 0 -0.560421 0 0 0 -0.56018 -0.589596 3.45261 

b(psi_9) = 
 0 -3.85535 -3.82516 -3.80268 -3.82204 -3.84907 -3.84964 -3.80071 -3.83755 -3.81396  ...  0.0808439 0.259815 -0.266187 0.183286 0.0260257 0.0297956 0.208109 0.423569 0.401488 0.396775
A(psi_10) = 
             1 0 0 0 0 0 0 0 0 0   ...  0 0 0 0 0 0 0 0 0 0 
             0 3.62139 0 0 0 0 0 0 0 0   ...  0 0 0 0 0 0 0 0 0 0 
             0 0 3.61538 0 0 0 0 0 0 0   ...  0 0 0 0 0 0 0 0 0 0 
             0 0 0 3.61667 0 0 0 0 0 0   ...  0 0 0 0 0 0 0 0 0 0 
             0 0 0 0 3.61828 0 0 0 0 0   ...  0 0 0 0 0 0 0 0 0 0 
             0 0 0 0 0 3.62271 0 0 0 0   ...  0 0 0 0 0 0 0 0 0 0 
             0 0 0 0 0 0 3.62089 0 0 0   ...  0 0 0 0 0 0 0 0 0 0 
             0 0 0 0 0 0 0 3.61895 0 0   ...  0 0 0 0 0 0 0 0 0 0 
             0 0 0 0 0 0 0 0 3.62287 0   ...  0 0 0 0 0 0 0 0 0 0 
             0 0 0 0 0 0 0 0 0 3.6218   ...  0 0 0 0 0 0 0 0 0 0 
               .
               .
               .
             0 0 0 0 0 0 0 0 0 0   ...  3.46532 -0.679907 0 0 0 0 0 0 0 0 
             0 0 0 0 0 0 0 0 0 0   ...  -0.679907 3.46471 0 0 0 0 0 -0.559329 0 0 
             0 0 0 0 0 0 0 0 0 0   ...  0 0 3.45782 0 -0.567164 -0.617191 0 0 0 0 
             0 0 0 0 0 0 0 0 0 0   ...  0 0 0 3.45445 -0.61637 0 0 0 0 -0.559932 
             0 0 0 0 0 0 0 0 0 0   ...  0 0 -0.567164 -0.61637 3.45539 -0.536929 0 0 0 0 
             0 0 0 0 0 0 0 0 0 0   ...  0 0 -0.617191 0 -0.536929 3.4596 -0.658659 0 0 0 
             0 0 0 0 0 0 0 0 0 0   ...  0 0 0 0 0 -0.658659 3.46112 0 -0.524847 0 
             0 0 0 0 0 0 0 0 0 0   ...  0 -0.559329 0 0 0 0 0 3.4563 -0.53521 -0.560031 
             0 0 0 0 0 0 0 0 0 0   ...  0 0 0 0 0 0 -0.524847 -0.53521 3.45526 -0.594951 
             0 0 0 0 0 0 0 0 0 0   ...  0 0 0 -0.559932 0 0 0 -0.560031 -0.594951 3.45284 

b(psi_10) = 
 0 -3.81278 -3.78224 -3.7576 -3.7775 -3.80013 -3.80391 -3.75965 -3.79088 -3.76889  ...  0.0975084 0.255645 -0.277576 0.180551 0.044485 0.0482626 0.208318 0.382327 0.362122 0.355835
A(psi_11) = 
             1 0 0 0 0 0 0 0 0 0   ...  0 0 0 0 0 0 0 0 0 0 
             0 3.62211 0 0 0 0 0 0 0 0   ...  0 0 0 0 0 0 0 0 0 0 
             0 0 3.6151 0 0 0 0 0 0 0   ...  0 0 0 0 0 0 0 0 0 0 
             0 0 0 3.61662 0 0 0 0 0 0   ...  0 0 0 0 0 0 0 0 0 0 
             0 0 0 0 3.6185 0 0 0 0 0   ...  0 0 0 0 0 0 0 0 0 0 
             0 0 0 0 0 3.6234 0 0 0 0   ...  0 0 0 0 0 0 0 0 0 0 
             0 0 0 0 0 0 3.62126 0 0 0   ...  0 0 0 0 0 0 0 0 0 0 
             0 0 0 0 0 0 0 3.61928 0 0   ...  0 0 0 0 0 0 0 0 0 0 
             0 0 0 0 0 0 0 0 3.62362 0   ...  0 0 0 0 0 0 0 0 0 0 
             0 0 0 0 0 0 0 0 0 3.62222   ...  0 0 0 0 0 0 0 0 0 0 
               .
               .
               .
             0 0 0 0 0 0 0 0 0 0   ...  3.46452 -0.67871 0 0 0 0 0 0 0 0 
             0 0 0 0 0 0 0 0 0 0   ...  -0.67871 3.46504 0 0 0 0 0 -0.558826 0 0 
             0 0 0 0 0 0 0 0 0 0   ...  0 0 3.45953 0 -0.553551 -0.61159 0 0 0 0 
             0 0 0 0 0 0 0 0 0 0   ...  0 0 0 3.45378 -0.604523 0 0 0 0 -0.5598 
             0 0 0 0 0 0 0 0 0 0   ...  0 0 -0.553551 -0.604523 3.45468 -0.551927 0 0 0 0 
             0 0 0 0 0 0 0 0 0 0   ...  0 0 -0.61159 0 -0.551927 3.4591 -0.653933 0 0 0 
             0 0 0 0 0 0 0 0 0 0   ...  0 0 0 0 0 -0.653933 3.46146 0 -0.51862 0 
             0 0 0 0 0 0 0 0 0 0   ...  0 -0.558826 0 0 0 0 0 3.45713 -0.530613 -0.560064 
             0 0 0 0 0 0 0 0 0 0   ...  0 0 0 0 0 0 -0.51862 -0.530613 3.45603 -0.600743 
             0 0 0 0 0 0 0 0 0 0   ...  0 0 0 -0.5598 0 0 0 -0.560064 -0.600743 3.45314 

b(psi_11) = 
 0 -3.75555 -3.72464 -3.69788 -3.71803 -3.7368 -3.74345 -3.70405 -3.73 -3.70973  ...  0.109481 0.251884 -0.291385 0.178132 0.0577577 0.0616355 0.208357 0.349951 0.331486 0.323758
A(psi_12) = 
             1 0 0 0 0 0 0 0 0 0   ...  0 0 0 0 0 0 0 0 0 0 
             0 3.62292 0 0 0 0 0 0 0 0   ...  0 0 0 0 0 0 0 0 0 0 
             0 0 3.61476 0 0 0 0 0 0 0   ...  0 0 0 0 0 0 0 0 0 0 
             0 0 0 3.61655 0 0 0 0 0 0   ...  0 0 0 0 0 0 0 0 0 0 
             0 0 0 0 3.61873 0 0 0 0 0   ...  0 0 0 0 0 0 0 0 0 0 
             0 0 0 0 0 3.6241 0 0 0 0   ...  0 0 0 0 0 0 0 0 0 0 
             0 0 0 0 0 0 3.62165 0 0 0   ...  0 0 0 0 0 0 0 0 0 0 
             0 0 0 0 0 0 0 3.61966 0 0   ...  0 0 0 0 0 0 0 0 0 0 
             0 0 0 0 0 0 0 0 3.62445 0   ...  0 0 0 0 0 0 0 0 0 0 
             0 0 0 0 0 0 0 0 0 3.62265   ...  0 0 0 0 0 0 0 0 0 0 
               .
               .
               .
             0 0 0 0 0 0 0 0 0 0   ...  3.46389 -0.677757 0 0 0 0 0 0 0 0 
             0 0 0 0 0 0 0 0 0 0   ...  -0.677757 3.4654 0 0 0 0 0 -0.558574 0 0 
             0 0 0 0 0 0 0 0 0 0   ...  0 0 3.46202 0 -0.539823 -0.606251 0 0 0 0 
             0 0 0 0 0 0 0 0 0 0   ...  0 0 0 3.45335 -0.592454 0 0 0 0 -0.559972 
             0 0 0 0 0 0 0 0 0 0   ...  0 0 -0.539823 -0.592454 3.45457 -0.566787 0 0 0 0 
             0 0 0 0 0 0 0 0 0 0   ...  0 0 -0.606251 0 -0.566787 3.45908 -0.649329 0 0 0 
             0 0 0 0 0 0 0 0 0 0   ...  0 0 0 0 0 -0.649329 3.46201 0 -0.512358 0 
             0 0 0 0 0 0 0 0 0 0   ...  0 -0.558574 0 0 0 0 0 3.458 -0.525863 -0.560261 
             0 0 0 0 0 0 0 0 0 0   ...  0 0 0 0 0 0 -0.512358 -0.525863 3.45691 -0.606944 
             0 0 0 0 0 0 0 0 0 0   ...  0 0 0 -0.559972 0 0 0 -0.560261 -0.606944 3.45354 

b(psi_12) = 
 0 -3.68703 -3.6557 -3.62694 -3.64701 -3.66256 -3.67176 -3.63725 -3.65834 -3.63987  ...  0.117617 0.248339 -0.306704 0.17578 0.0667144 0.07063 0.208036 0.324321 0.307429 0.298397
A(psi_13) = 
             1 0 0 0 0 0 0 0 0 0   ...  0 0 0 0 0 0 0 0 0 0 
             0 3.62384 0 0 0 0 0 0 0 0   ...  0 0 0 0 0 0 0 0 0 0 
             0 0 3.61439 0 0 0 0 0 0 0   ...  0 0 0 0 0 0 0 0 0 0 
             0 0 0 3.61649 0 0 0 0 0 0   ...  0 0 0 0 0 0 0 0 0 0 
             0 0 0 0 3.61895 0 0 0 0 0   ...  0 0 0 0 0 0 0 0 0 0 
             0 0 0 0 0 3.62483 0 0 0 0   ...  0 0 0 0 0 0 0 0 0 0 
             0 0 0 0 0 0 3.62206 0 0 0   ...  0 0 0 0 0 0 0 0 0 0 
             0 0 0 0 0 0 0 3.62007 0 0   ...  0 0 0 0 0 0 0 0 0 0 
             0 0 0 0 0 0 0 0 3.62536 0   ...  0 0 0 0 0 0 0 0 0 0 
             0 0 0 0 0 0 0 0 0 3.6231   ...  0 0 0 0 0 0 0 0 0 0 
               .
               .
               .
             0 0 0 0 0 0 0 0 0 0   ...  3.46342 -0.677012 0 0 0 0 0 0 0 0 
             0 0 0 0 0 0 0 0 0 0   ...  -0.677012 3.46576 0 0 0 0 0 -0.558533 0 0 
             0 0 0 0 0 0 0 0 0 0   ...  0 0 3.46525 0 -0.525948 -0.601178 0 0 0 0 
             0 0 0 0 0 0 0 0 0 0   ...  0 0 0 3.45318 -0.58015 0 0 0 0 -0.560406 
             0 0 0 0 0 0 0 0 0 0   ...  0 0 -0.525948 -0.58015 3.45508 -0.581634 0 0 0 0 
             0 0 0 0 0 0 0 0 0 0   ...  0 0 -0.601178 0 -0.581634 3.4596 -0.644844 0 0 0 
             0 0 0 0 0 0 0 0 0 0   ...  0 0 0 0 0 -0.644844 3.46279 0 -0.506017 0 
             0 0 0 0 0 0 0 0 0 0   ...  0 -0.558533 0 0 0 0 0 3.45894 -0.520946 -0.560606 
             0 0 0 0 0 0 0 0 0 0   ...  0 0 0 0 0 0 -0.506017 -0.520946 3.45792 -0.613529 
             0 0 0 0 0 0 0 0 0 0   ...  0 0 0 -0.560406 0 0 0 -0.560606 -0.613529 3.45409 

b(psi_13) = 
 0 -3.60995 -3.57827 -3.54766 -3.56738 -3.58032 -3.5916 -3.56198 -3.57858 -3.56198  ...  0.122582 0.244863 -0.322649 0.173332 0.0720906 0.0760596 0.207223 0.303842 0.288351 0.278149
A(psi_14) = 
             1 0 0 0 0 0 0 0 0 0   ...  0 0 0 0 0 0 0 0 0 0 
             0 3.62488 0 0 0 0 0 0 0 0   ...  0 0 0 0 0 0 0 0 0 0 
             0 0 3.61397 0 0 0 0 0 0 0   ...  0 0 0 0 0 0 0 0 0 0 
             0 0 0 3.6164 0 0 0 0 0 0   ...  0 0 0 0 0 0 0 0 0 0 
             0 0 0 0 3.61919 0 0 0 0 0   ...  0 0 0 0 0 0 0 0 0 0 
             0 0 0 0 0 3.62563 0 0 0 0   ...  0 0 0 0 0 0 0 0 0 0 
             0 0 0 0 0 0 3.62247 0 0 0   ...  0 0 0 0 0 0 0 0 0 0 
             0 0 0 0 0 0 0 3.62052 0 0   ...  0 0 0 0 0 0 0 0 0 0 
             0 0 0 0 0 0 0 0 3.62636 0   ...  0 0 0 0 0 0 0 0 0 0 
             0 0 0 0 0 0 0 0 0 3.62357   ...  0 0 0 0 0 0 0 0 0 0 
               .
               .
               .
             0 0 0 0 0 0 0 0 0 0   ...  3.46307 -0.676434 0 0 0 0 0 0 0 0 
             0 0 0 0 0 0 0 0 0 0   ...  -0.676434 3.46613 0 0 0 0 0 -0.558675 0 0 
             0 0 0 0 0 0 0 0 0 0   ...  0 0 3.46918 0 -0.511906 -0.596368 0 0 0 0 
             0 0 0 0 0 0 0 0 0 0   ...  0 0 0 3.45332 -0.567587 0 0 0 0 -0.56108 
             0 0 0 0 0 0 0 0 0 0   ...  0 0 -0.511906 -0.567587 3.45624 -0.596578 0 0 0 0 
             0 0 0 0 0 0 0 0 0 0   ...  0 0 -0.596368 0 -0.596578 3.46064 -0.640455 0 0 0 
             0 0 0 0 0 0 0 0 0 0   ...  0 0 0 0 0 -0.640455 3.46382 0 -0.499564 0 
             0 0 0 0 0 0 0 0 0 0   ...  0 -0.558675 0 0 0 0 0 3.45994 -0.515856 -0.561091 
             0 0 0 0 0 0 0 0 0 0   ...  0 0 0 0 0 0 -0.499564 -0.515856 3.4591 -0.620481 
             0 0 0 0 0 0 0 0 0 0   ...  0 0 0 -0.56108 0 0 0 -0.561091 -0.620481 3.4548 

b(psi_14) = 
 0 -3.52647 -3.49453 -3.46222 -3.48176 -3.49228 -3.50521 -3.48035 -3.49293 -3.47822  ...  0.124942 0.241385 -0.339168 0.170704 0.0745734 0.078581 0.20589 0.287339 0.273051 0.261815
A(psi_15) = 
             1 0 0 0 0 0 0 0 0 0   ...  0 0 0 0 0 0 0 0 0 0 
             0 3.62606 0 0 0 0 0 0 0 0   ...  0 0 0 0 0 0 0 0 0 0 
             0 0 3.6135 0 0 0 0 0 0 0   ...  0 0 0 0 0 0 0 0 0 0 
             0 0 0 3.61629 0 0 0 0 0 0   ...  0 0 0 0 0 0 0 0 0 0 
             0 0 0 0 3.61951 0 0 0 0 0   ...  0 0 0 0 0 0 0 0 0 0 
             0 0 0 0 0 3.62647 0 0 0 0   ...  0 0 0 0 0 0 0 0 0 0 
             0 0 0 0 0 0 3.62289 0 0 0   ...  0 0 0 0 0 0 0 0 0 0 
             0 0 0 0 0 0 0 3.62102 0 0   ...  0 0 0 0 0 0 0 0 0 0 
             0 0 0 0 0 0 0 0 3.62745 0   ...  0 0 0 0 0 0 0 0 0 0 
             0 0 0 0 0 0 0 0 0 3.62406   ...  0 0 0 0 0 0 0 0 0 0 
               .
               .
               .
             0 0 0 0 0 0 0 0 0 0   ...  3.46283 -0.675983 0 0 0 0 0 0 0 0 
             0 0 0 0 0 0 0 0 0 0   ...  -0.675983 3.46651 0 0 0 0 0 -0.558979 0 0 
             0 0 0 0 0 0 0 0 0 0   ...  0 0 3.47395 0 -0.497694 -0.591846 0 0 0 0 
             0 0 0 0 0 0 0 0 0 0   ...  0 0 0 3.45382 -0.554753 0 0 0 0 -0.56198 
             0 0 0 0 0 0 0 0 0 0   ...  0 0 -0.497694 -0.554753 3.45808 -0.61169 0 0 0 0 
             0 0 0 0 0 0 0 0 0 0   ...  0 0 -0.591846 0 -0.61169 3.46223 -0.636164 0 0 0 
             0 0 0 0 0 0 0 0 0 0   ...  0 0 0 0 0 -0.636164 3.46516 0 -0.492978 0 
             0 0 0 0 0 0 0 0 0 0   ...  0 -0.558979 0 0 0 0 0 3.46103 -0.510589 -0.561711 
             0 0 0 0 0 0 0 0 0 0   ...  0 0 0 0 0 0 -0.492978 -0.510589 3.46046 -0.627787 
             0 0 0 0 0 0 0 0 0 0   ...  0 0 0 -0.56198 0 0 0 -0.561711 -0.627787 3.45572 

b(psi_15) = 
 0 -3.43837 -3.40615 -3.37241 -3.39188 -3.40008 -3.41446 -3.39414 -3.40313 -3.39029  ...  0.125147 0.237858 -0.355671 0.167904 0.0746679 0.0786946 0.204095 0.273954 0.260686 0.248531
A(psi_16) = 
             1 0 0 0 0 0 0 0 0 0   ...  0 0 0 0 0 0 0 0 0 0 
             0 3.6274 0 0 0 0 0 0 0 0   ...  0 0 0 0 0 0 0 0 0 0 
             0 0 3.61297 0 0 0 0 0 0 0   ...  0 0 0 0 0 0 0 0 0 0 
             0 0 0 3.61617 0 0 0 0 0 0   ...  0 0 0 0 0 0 0 0 0 0 
             0 0 0 0 3.61991 0 0 0 0 0   ...  0 0 0 0 0 0 0 0 0 0 
             0 0 0 0 0 3.62735 0 0 0 0   ...  0 0 0 0 0 0 0 0 0 0 
             0 0 0 0 0 0 3.62332 0 0 0   ...  0 0 0 0 0 0 0 0 0 0 
             0 0 0 0 0 0 0 3.62158 0 0   ...  0 0 0 0 0 0 0 0 0 0 
             0 0 0 0 0 0 0 0 3.62864 0   ...  0 0 0 0 0 0 0 0 0 0 
             0 0 0 0 0 0 0 0 0 3.62456   ...  0 0 0 0 0 0 0 0 0 0 
               .
               .
               .
             0 0 0 0 0 0 0 0 0 0   ...  3.46269 -0.675624 0 0 0 0 0 0 0 0 
             0 0 0 0 0 0 0 0 0 0   ...  -0.675624 3.46689 0 0 0 0 0 -0.559433 0 0 
             0 0 0 0 0 0 0 0 0 0   ...  0 0 3.4795 0 -0.483294 -0.587604 0 0 0 0 
             0 0 0 0 0 0 0 0 0 0   ...  0 0 0 3.45473 -0.54164 0 0 0 0 -0.563094 
             0 0 0 0 0 0 0 0 0 0   ...  0 0 -0.483294 -0.54164 3.46065 -0.627056 0 0 0 0 
             0 0 0 0 0 0 0 0 0 0   ...  0 0 -0.587604 0 -0.627056 3.46442 -0.631945 0 0 0 
             0 0 0 0 0 0 0 0 0 0   ...  0 0 0 0 0 -0.631945 3.46681 0 -0.486243 0 
             0 0 0 0 0 0 0 0 0 0   ...  0 -0.559433 0 0 0 0 0 3.4622 -0.505144 -0.562461 
             0 0 0 0 0 0 0 0 0 0   ...  0 0 0 0 0 0 -0.486243 -0.505144 3.46202 -0.635436 
             0 0 0 0 0 0 0 0 0 0   ...  0 0 0 -0.563094 0 0 0 -0.562461 -0.635436 3.45686 

b(psi_16) = 
 0 -3.34703 -3.3147 -3.27971 -3.29912 -3.30504 -3.32077 -3.30472 -3.31058 -3.29955  ...  0.123556 0.234237 -0.371801 0.164943 0.0728955 0.0767735 0.201835 0.263005 0.250599 0.237629
A(psi_17) = 
             1 0 0 0 0 0 0 0 0 0   ...  0 0 0 0 0 0 0 0 0 0 
             0 3.62891 0 0 0 0 0 0 0 0   ...  0 0 0 0 0 0 0 0 0 0 
             0 0 3.61237 0 0 0 0 0 0 0   ...  0 0 0 0 0 0 0 0 0 0 
             0 0 0 3.61601 0 0 0 0 0 0   ...  0 0 0 0 0 0 0 0 0 0 
             0 0 0 0 3.62029 0 0 0 0 0   ...  0 0 0 0 0 0 0 0 0 0 
             0 0 0 0 0 3.62825 0 0 0 0   ...  0 0 0 0 0 0 0 0 0 0 
             0 0 0 0 0 0 3.62379 0 0 0   ...  0 0 0 0 0 0 0 0 0 0 
             0 0 0 0 0 0 0 3.62219 0 0   ...  0 0 0 0 0 0 0 0 0 0 
             0 0 0 0 0 0 0 0 3.62993 0   ...  0 0 0 0 0 0 0 0 0 0 
             0 0 0 0 0 0 0 0 0 3.62507   ...  0 0 0 0 0 0 0 0 0 0 
               .
               .
               .
             0 0 0 0 0 0 0 0 0 0   ...  3.46264 -0.675311 0 0 0 0 0 0 0 0 
             0 0 0 0 0 0 0 0 0 0   ...  -0.675311 3.46727 0 0 0 0 0 -0.560027 0 0 
             0 0 0 0 0 0 0 0 0 0   ...  0 0 3.48589 0 -0.468709 -0.583649 0 0 0 0 
             0 0 0 0 0 0 0 0 0 0   ...  0 0 0 3.4561 -0.528245 0 0 0 0 -0.56442 
             0 0 0 0 0 0 0 0 0 0   ...  0 0 -0.468709 -0.528245 3.46397 -0.642735 0 0 0 0 
             0 0 0 0 0 0 0 0 0 0   ...  0 0 -0.583649 0 -0.642735 3.46723 -0.627805 0 0 0 
             0 0 0 0 0 0 0 0 0 0   ...  0 0 0 0 0 -0.627805 3.46884 0 -0.479356 0 
             0 0 0 0 0 0 0 0 0 0   ...  0 -0.560027 0 0 0 0 0 3.46347 -0.499528 -0.563343 
             0 0 0 0 0 0 0 0 0 0   ...  0 0 0 0 0 0 -0.479356 -0.499528 3.46381 -0.643415 
             0 0 0 0 0 0 0 0 0 0   ...  0 0 0 -0.56442 0 0 0 -0.563343 -0.643415 3.45827 

b(psi_17) = 
 0 -3.25365 -3.22118 -3.18521 -3.2051 -3.20828 -3.2254 -3.21321 -3.21642 -3.20713  ...  0.120489 0.230507 -0.387366 0.16187 0.069669 0.0732839 0.199178 0.253947 0.242258 0.228597
A(psi_18) = 
             1 0 0 0 0 0 0 0 0 0   ...  0 0 0 0 0 0 0 0 0 0 
             0 3.63062 0 0 0 0 0 0 0 0   ...  0 0 0 0 0 0 0 0 0 0 
             0 0 3.61168 0 0 0 0 0 0 0   ...  0 0 0 0 0 0 0 0 0 0 
             0 0 0 3.61582 0 0 0 0 0 0   ...  0 0 0 0 0 0 0 0 0 0 
             0 0 0 0 3.62094 0 0 0 0 0   ...  0 0 0 0 0 0 0 0 0 0 
             0 0 0 0 0 3.62917 0 0 0 0   ...  0 0 0 0 0 0 0 0 0 0 
             0 0 0 0 0 0 3.62429 0 0 0   ...  0 0 0 0 0 0 0 0 0 0 
             0 0 0 0 0 0 0 3.62285 0 0   ...  0 0 0 0 0 0 0 0 0 0 
             0 0 0 0 0 0 0 0 3.63133 0   ...  0 0 0 0 0 0 0 0 0 0 
             0 0 0 0 0 0 0 0 0 3.6256   ...  0 0 0 0 0 0 0 0 0 0 
               .
               .
               .
             0 0 0 0 0 0 0 0 0 0   ...  3.46266 -0.675008 0 0 0 0 0 0 0 0 
             0 0 0 0 0 0 0 0 0 0   ...  -0.675008 3.46764 0 0 0 0 0 -0.560758 0 0 
             0 0 0 0 0 0 0 0 0 0   ...  0 0 3.49318 0 -0.453937 -0.579993 0 0 0 0 
             0 0 0 0 0 0 0 0 0 0   ...  0 0 0 3.458 -0.514568 0 0 0 0 -0.565955 
             0 0 0 0 0 0 0 0 0 0   ...  0 0 -0.453937 -0.514568 3.4681 -0.658773 0 0 0 0 
             0 0 0 0 0 0 0 0 0 0   ...  0 0 -0.579993 0 -0.658773 3.47072 -0.623726 0 0 0 
             0 0 0 0 0 0 0 0 0 0   ...  0 0 0 0 0 -0.623726 3.47126 0 -0.472316 0 
             0 0 0 0 0 0 0 0 0 0   ...  0 -0.560758 0 0 0 0 0 3.46485 -0.493748 -0.564358 
             0 0 0 0 0 0 0 0 0 0   ...  0 0 0 0 0 0 -0.472316 -0.493748 3.46585 -0.651713 
             0 0 0 0 0 0 0 0 0 0   ...  0 0 0 -0.565955 0 0 0 -0.564358 -0.651713 3.45996 

b(psi_18) = 
 0 -3.15917 -3.12656 -3.08993 -3.11077 -3.11073 -3.12924 -3.1206 -3.12157 -3.11393  ...  0.116197 0.226679 -0.402154 0.158723 0.0652848 0.0685296 0.19616 0.246433 0.235306 0.221068
A(psi_19) = 
             1 0 0 0 0 0 0 0 0 0   ...  0 0 0 0 0 0 0 0 0 0 
             0 3.63256 0 0 0 0 0 0 0 0   ...  0 0 0 0 0 0 0 0 0 0 
             0 0 3.61096 0 0 0 0 0 0 0   ...  0 0 0 0 0 0 0 0 0 0 
             0 0 0 3.61558 0 0 0 0 0 0   ...  0 0 0 0 0 0 0 0 0 0 
             0 0 0 0 3.6216 0 0 0 0 0   ...  0 0 0 0 0 0 0 0 0 0 
             0 0 0 0 0 3.63009 0 0 0 0   ...  0 0 0 0 0 0 0 0 0 0 
             0 0 0 0 0 0 3.62483 0 0 0   ...  0 0 0 0 0 0 0 0 0 0 
             0 0 0 0 0 0 0 3.62357 0 0   ...  0 0 0 0 0 0 0 0 0 0 
             0 0 0 0 0 0 0 0 3.63283 0   ...  0 0 0 0 0 0 0 0 0 0 
             0 0 0 0 0 0 0 0 0 3.62615   ...  0 0 0 0 0 0 0 0 0 0 
               .
               .
               .
             0 0 0 0 0 0 0 0 0 0   ...  3.46275 -0.674672 0 0 0 0 0 0 0 0 
             0 0 0 0 0 0 0 0 0 0   ...  -0.674672 3.468 0 0 0 0 0 -0.561627 0 0 
             0 0 0 0 0 0 0 0 0 0   ...  0 0 3.50137 0 -0.438995 -0.576623 0 0 0 0 
             0 0 0 0 0 0 0 0 0 0   ...  0 0 0 3.46045 -0.50062 0 0 0 0 -0.567701 
             0 0 0 0 0 0 0 0 0 0   ...  0 0 -0.438995 -0.50062 3.47308 -0.675215 0 0 0 0 
             0 0 0 0 0 0 0 0 0 0   ...  0 0 -0.576623 0 -0.675215 3.47489 -0.619703 0 0 0 
             0 0 0 0 0 0 0 0 0 0   ...  0 0 0 0 0 -0.619703 3.47411 0 -0.465132 0 
             0 0 0 0 0 0 0 0 0 0   ...  0 -0.561627 0 0 0 0 0 3.46632 -0.487817 -0.565507 
             0 0 0 0 0 0 0 0 0 0   ...  0 0 0 0 0 0 -0.465132 -0.487817 3.46815 -0.660315 
             0 0 0 0 0 0 0 0 0 0   ...  0 0 0 -0.567701 0 0 0 -0.565507 -0.660315 3.46197 

b(psi_19) = 
 0 -3.06441 -3.03165 -2.99463 -3.01618 -3.01314 -3.03303 -3.0276 -3.02677 -3.0207  ...  0.110922 0.22277 -0.416021 0.155609 0.0600916 0.0627659 0.19286 0.240156 0.229465 0.21477
A(psi_20) = 
             1 0 0 0 0 0 0 0 0 0   ...  0 0 0 0 0 0 0 0 0 0 
             0 3.63474 0 0 0 0 0 0 0 0   ...  0 0 0 0 0 0 0 0 0 0 
             0 0 3.61009 0 0 0 0 0 0 0   ...  0 0 0 0 0 0 0 0 0 0 
             0 0 0 3.61526 0 0 0 0 0 0   ...  0 0 0 0 0 0 0 0 0 0 
             0 0 0 0 3.62222 0 0 0 0 0   ...  0 0 0 0 0 0 0 0 0 0 
             0 0 0 0 0 3.63102 0 0 0 0   ...  0 0 0 0 0 0 0 0 0 0 
             0 0 0 0 0 0 3.62542 0 0 0   ...  0 0 0 0 0 0 0 0 0 0 
             0 0 0 0 0 0 0 3.62439 0 0   ...  0 0 0 0 0 0 0 0 0 0 
             0 0 0 0 0 0 0 0 3.63444 0   ...  0 0 0 0 0 0 0 0 0 0 
             0 0 0 0 0 0 0 0 0 3.62669   ...  0 0 0 0 0 0 0 0 0 0 
               .
               .
               .
             0 0 0 0 0 0 0 0 0 0   ...  3.46289 -0.674268 0 0 0 0 0 0 0 0 
             0 0 0 0 0 0 0 0 0 0   ...  -0.674268 3.46835 0 0 0 0 0 -0.562633 0 0 
             0 0 0 0 0 0 0 0 0 0   ...  0 0 3.51054 0 -0.423887 -0.573564 0 0 0 0 
             0 0 0 0 0 0 0 0 0 0   ...  0 0 0 3.46351 -0.486413 0 0 0 0 -0.569654 
             0 0 0 0 0 0 0 0 0 0   ...  0 0 -0.423887 -0.486413 3.47895 -0.692103 0 0 0 0 
             0 0 0 0 0 0 0 0 0 0   ...  0 0 -0.573564 0 -0.692103 3.47983 -0.615719 0 0 0 
             0 0 0 0 0 0 0 0 0 0   ...  0 0 0 0 0 -0.615719 3.47742 0 -0.457819 0 
             0 0 0 0 0 0 0 0 0 0   ...  0 -0.562633 0 0 0 0 0 3.46791 -0.481751 -0.566789 
             0 0 0 0 0 0 0 0 0 0   ...  0 0 0 0 0 0 -0.457819 -0.481751 3.47074 -0.669206 
             0 0 0 0 0 0 0 0 0 0   ...  0 0 0 -0.569654 0 0 0 -0.566789 -0.669206 3.46432 

b(psi_20) = 
 0 -2.96993 -2.93684 -2.89983 -2.92181 -2.91615 -2.93743 -2.9349 -2.9326 -2.92795  ...  0.104873 0.218798 -0.428823 0.152597 0.0543096 0.0561806 0.189337 0.234879 0.224532 0.209499
A(psi_21) = 
             1 0 0 0 0 0 0 0 0 0   ...  0 0 0 0 0 0 0 0 0 0 
             0 3.63719 0 0 0 0 0 0 0 0   ...  0 0 0 0 0 0 0 0 0 0 
             0 0 3.60923 0 0 0 0 0 0 0   ...  0 0 0 0 0 0 0 0 0 0 
             0 0 0 3.61495 0 0 0 0 0 0   ...  0 0 0 0 0 0 0 0 0 0 
             0 0 0 0 3.6228 0 0 0 0 0   ...  0 0 0 0 0 0 0 0 0 0 
             0 0 0 0 0 3.63197 0 0 0 0   ...  0 0 0 0 0 0 0 0 0 0 
             0 0 0 0 0 0 3.62605 0 0 0   ...  0 0 0 0 0 0 0 0 0 0 
             0 0 0 0 0 0 0 3.62528 0 0   ...  0 0 0 0 0 0 0 0 0 0 
             0 0 0 0 0 0 0 0 3.63616 0   ...  0 0 0 0 0 0 0 0 0 0 
             0 0 0 0 0 0 0 0 0 3.62727   ...  0 0 0 0 0 0 0 0 0 0 
               .
               .
               .
             0 0 0 0 0 0 0 0 0 0   ...  3.46308 -0.673761 0 0 0 0 0 0 0 0 
             0 0 0 0 0 0 0 0 0 0   ...  -0.673761 3.46867 0 0 0 0 0 -0.563778 0 0 
             0 0 0 0 0 0 0 0 0 0   ...  0 0 3.52068 0 -0.408633 -0.570798 0 0 0 0 
             0 0 0 0 0 0 0 0 0 0   ...  0 0 0 3.46722 -0.471973 0 0 0 0 -0.571809 
             0 0 0 0 0 0 0 0 0 0   ...  0 0 -0.408633 -0.471973 3.48576 -0.709453 0 0 0 0 
             0 0 0 0 0 0 0 0 0 0   ...  0 0 -0.570798 0 -0.709453 3.48557 -0.611789 0 0 0 
             0 0 0 0 0 0 0 0 0 0   ...  0 0 0 0 0 -0.611789 3.48124 0 -0.450396 0 
             0 0 0 0 0 0 0 0 0 0   ...  0 -0.563778 0 0 0 0 0 3.46961 -0.475567 -0.568208 
             0 0 0 0 0 0 0 0 0 0   ...  0 0 0 0 0 0 -0.450396 -0.475567 3.47361 -0.678365 
             0 0 0 0 0 0 0 0 0 0   ...  0 0 0 -0.571809 0 0 0 -0.568208 -0.678365 3.46703 

b(psi_21) = 
 0 -2.87629 -2.84279 -2.80612 -2.82831 -2.82031 -2.84285 -2.84283 -2.83951 -2.83621  ...  0.0982151 0.214766 -0.440535 0.149752 0.0481707 0.0491891 0.185781 0.230424 0.220354 0.205091
A(psi_22) = 
             1 0 0 0 0 0 0 0 0 0   ...  0 0 0 0 0 0 0 0 0 0 
             0 3.63993 0 0 0 0 0 0 0 0   ...  0 0 0 0 0 0 0 0 0 0 
             0 0 3.60824 0 0 0 0 0 0 0   ...  0 0 0 0 0 0 0 0 0 0 
             0 0 0 3.61455 0 0 0 0 0 0   ...  0 0 0 0 0 0 0 0 0 0 
             0 0 0 0 3.6232 0 0 0 0 0   ...  0 0 0 0 0 0 0 0 0 0 
             0 0 0 0 0 3.63293 0 0 0 0   ...  0 0 0 0 0 0 0 0 0 0 
             0 0 0 0 0 0 3.62669 0 0 0   ...  0 0 0 0 0 0 0 0 0 0 
             0 0 0 0 0 0 0 3.62615 0 0   ...  0 0 0 0 0 0 0 0 0 0 
             0 0 0 0 0 0 0 0 3.638 0   ...  0 0 0 0 0 0 0 0 0 0 
             0 0 0 0 0 0 0 0 0 3.62783   ...  0 0 0 0 0 0 0 0 0 0 
               .
               .
               .
             0 0 0 0 0 0 0 0 0 0   ...  3.46333 -0.673123 0 0 0 0 0 0 0 0 
             0 0 0 0 0 0 0 0 0 0   ...  -0.673123 3.46897 0 0 0 0 0 -0.565066 0 0 
             0 0 0 0 0 0 0 0 0 0   ...  0 0 3.53189 0 -0.393274 -0.568329 0 0 0 0 
             0 0 0 0 0 0 0 0 0 0   ...  0 0 0 3.47163 -0.457329 0 0 0 0 -0.574174 
             0 0 0 0 0 0 0 0 0 0   ...  0 0 -0.393274 -0.457329 3.49354 -0.727265 0 0 0 0 
             0 0 0 0 0 0 0 0 0 0   ...  0 0 -0.568329 0 -0.727265 3.49212 -0.6079 0 0 0 
             0 0 0 0 0 0 0 0 0 0   ...  0 0 0 0 0 -0.6079 3.48556 0 -0.442883 0 
             0 0 0 0 0 0 0 0 0 0   ...  0 -0.565066 0 0 0 0 0 3.47141 -0.469286 -0.569767 
             0 0 0 0 0 0 0 0 0 0   ...  0 0 0 0 0 0 -0.442883 -0.469286 3.47679 -0.687772 
             0 0 0 0 0 0 0 0 0 0   ...  0 0 0 -0.574174 0 0 0 -0.569767 -0.687772 3.47013 

b(psi_22) = 
 0 -2.78389 -2.74986 -2.71377 -2.73585 -2.72605 -2.74966 -2.75172 -2.74787 -2.74577  ...  0.0911012 0.210702 -0.451033 0.147138 0.0418654 0.0417985 0.182246 0.22668 0.216832 0.201433
A(psi_23) = 
             1 0 0 0 0 0 0 0 0 0   ...  0 0 0 0 0 0 0 0 0 0 
             0 3.64298 0 0 0 0 0 0 0 0   ...  0 0 0 0 0 0 0 0 0 0 
             0 0 3.60709 0 0 0 0 0 0 0   ...  0 0 0 0 0 0 0 0 0 0 
             0 0 0 3.61404 0 0 0 0 0 0   ...  0 0 0 0 0 0 0 0 0 0 
             0 0 0 0 3.62349 0 0 0 0 0   ...  0 0 0 0 0 0 0 0 0 0 
             0 0 0 0 0 3.63392 0 0 0 0   ...  0 0 0 0 0 0 0 0 0 0 
             0 0 0 0 0 0 3.62739 0 0 0   ...  0 0 0 0 0 0 0 0 0 0 
             0 0 0 0 0 0 0 3.62705 0 0   ...  0 0 0 0 0 0 0 0 0 0 
             0 0 0 0 0 0 0 0 3.63994 0   ...  0 0 0 0 0 0 0 0 0 0 
             0 0 0 0 0 0 0 0 0 3.6284   ...  0 0 0 0 0 0 0 0 0 0 
               .
               .
               .
             0 0 0 0 0 0 0 0 0 0   ...  3.46361 -0.672325 0 0 0 0 0 0 0 0 
             0 0 0 0 0 0 0 0 0 0   ...  -0.672325 3.46924 0 0 0 0 0 -0.566506 0 0 
             0 0 0 0 0 0 0 0 0 0   ...  0 0 3.5441 0 -0.377835 -0.566146 0 0 0 0 
             0 0 0 0 0 0 0 0 0 0   ...  0 0 0 3.47676 -0.442508 0 0 0 0 -0.576746 
             0 0 0 0 0 0 0 0 0 0   ...  0 0 -0.377835 -0.442508 3.50232 -0.745549 0 0 0 0 
             0 0 0 0 0 0 0 0 0 0   ...  0 0 -0.566146 0 -0.745549 3.49956 -0.604072 0 0 0 
             0 0 0 0 0 0 0 0 0 0   ...  0 0 0 0 0 -0.604072 3.49043 0 -0.435306 0 
             0 0 0 0 0 0 0 0 0 0   ...  0 -0.566506 0 0 0 0 0 3.47331 -0.46293 -0.571472 
             0 0 0 0 0 0 0 0 0 0   ...  0 0 0 0 0 0 -0.435306 -0.46293 3.48028 -0.697389 
             0 0 0 0 0 0 0 0 0 0   ...  0 0 0 -0.576746 0 0 0 -0.571472 -0.697389 3.47362 

b(psi_23) = 
 0 -2.69302 -2.65833 -2.62306 -2.6448 -2.6337 -2.65829 -2.66211 -2.65793 -2.65692  ...  0.0836753 0.206641 -0.460234 0.144815 0.0355646 0.0343873 0.178834 0.22353 0.213909 0.198461
A(psi_24) = 
             1 0 0 0 0 0 0 0 0 0   ...  0 0 0 0 0 0 0 0 0 0 
             0 3.64634 0 0 0 0 0 0 0 0   ...  0 0 0 0 0 0 0 0 0 0 
             0 0 3.60587 0 0 0 0 0 0 0   ...  0 0 0 0 0 0 0 0 0 0 
             0 0 0 3.61355 0 0 0 0 0 0   ...  0 0 0 0 0 0 0 0 0 0 
             0 0 0 0 3.62372 0 0 0 0 0   ...  0 0 0 0 0 0 0 0 0 0 
             0 0 0 0 0 3.63494 0 0 0 0   ...  0 0 0 0 0 0 0 0 0 0 
             0 0 0 0 0 0 3.62811 0 0 0   ...  0 0 0 0 0 0 0 0 0 0 
             0 0 0 0 0 0 0 3.628 0 0   ...  0 0 0 0 0 0 0 0 0 0 
             0 0 0 0 0 0 0 0 3.64198 0   ...  0 0 0 0 0 0 0 0 0 0 
             0 0 0 0 0 0 0 0 0 3.62897   ...  0 0 0 0 0 0 0 0 0 0 
               .
               .
               .
             0 0 0 0 0 0 0 0 0 0   ...  3.46394 -0.671339 0 0 0 0 0 0 0 0 
             0 0 0 0 0 0 0 0 0 0   ...  -0.671339 3.46946 0 0 0 0 0 -0.568102 0 0 
             0 0 0 0 0 0 0 0 0 0   ...  0 0 3.5574 0 -0.362381 -0.564226 0 0 0 0 
             0 0 0 0 0 0 0 0 0 0   ...  0 0 0 3.48264 -0.427552 0 0 0 0 -0.57953 
             0 0 0 0 0 0 0 0 0 0   ...  0 0 -0.362381 -0.427552 3.51212 -0.764266 0 0 0 0 
             0 0 0 0 0 0 0 0 0 0   ...  0 0 -0.564226 0 -0.764266 3.50782 -0.600303 0 0 0 
             0 0 0 0 0 0 0 0 0 0   ...  0 0 0 0 0 -0.600303 3.49585 0 -0.427679 0 
             0 0 0 0 0 0 0 0 0 0   ...  0 -0.568102 0 0 0 0 0 3.4753 -0.456517 -0.573329 
             0 0 0 0 0 0 0 0 0 0   ...  0 0 0 0 0 0 -0.427679 -0.456517 3.48408 -0.707185 
             0 0 0 0 0 0 0 0 0 0   ...  0 0 0 -0.57953 0 0 0 -0.573329 -0.707185 3.47751 

b(psi_24) = 
 0 -2.60397 -2.56841 -2.5343 -2.55543 -2.54349 -2.56883 -2.57447 -2.56989 -2.56989  ...  0.0760317 0.2026 -0.468191 0.142817 0.0294163 0.0269302 0.175621 0.220878 0.211519 0.196082
A(psi_25) = 
             1 0 0 0 0 0 0 0 0 0   ...  0 0 0 0 0 0 0 0 0 0 
             0 3.65005 0 0 0 0 0 0 0 0   ...  0 0 0 0 0 0 0 0 0 0 
             0 0 3.60468 0 0 0 0 0 0 0   ...  0 0 0 0 0 0 0 0 0 0 
             0 0 0 3.61294 0 0 0 0 0 0   ...  0 0 0 0 0 0 0 0 0 0 
             0 0 0 0 3.62383 0 0 0 0 0   ...  0 0 0 0 0 0 0 0 0 0 
             0 0 0 0 0 3.636 0 0 0 0   ...  0 0 0 0 0 0 0 0 0 0 
             0 0 0 0 0 0 3.62882 0 0 0   ...  0 0 0 0 0 0 0 0 0 0 
             0 0 0 0 0 0 0 3.62907 0 0   ...  0 0 0 0 0 0 0 0 0 0 
             0 0 0 0 0 0 0 0 3.64414 0   ...  0 0 0 0 0 0 0 0 0 0 
             0 0 0 0 0 0 0 0 0 3.62952   ...  0 0 0 0 0 0 0 0 0 0 
               .
               .
               .
             0 0 0 0 0 0 0 0 0 0   ...  3.4643 -0.670139 0 0 0 0 0 0 0 0 
             0 0 0 0 0 0 0 0 0 0   ...  -0.670139 3.46963 0 0 0 0 0 -0.569862 0 0 
             0 0 0 0 0 0 0 0 0 0   ...  0 0 3.57171 0 -0.34694 -0.562567 0 0 0 0 
             0 0 0 0 0 0 0 0 0 0   ...  0 0 0 3.4893 -0.412505 0 0 0 0 -0.58253 
             0 0 0 0 0 0 0 0 0 0   ...  0 0 -0.34694 -0.412505 3.52294 -0.783419 0 0 0 0 
             0 0 0 0 0 0 0 0 0 0   ...  0 0 -0.562567 0 -0.783419 3.51702 -0.596614 0 0 0 
             0 0 0 0 0 0 0 0 0 0   ...  0 0 0 0 0 -0.596614 3.50183 0 -0.420025 0 
             0 0 0 0 0 0 0 0 0 0   ...  0 -0.569862 0 0 0 0 0 3.47738 -0.450064 -0.575346 
             0 0 0 0 0 0 0 0 0 0   ...  0 0 0 0 0 0 -0.420025 -0.450064 3.4882 -0.717135 
             0 0 0 0 0 0 0 0 0 0   ...  0 0 0 -0.58253 0 0 0 -0.575346 -0.717135 3.48183 

b(psi_25) = 
 0 -2.51687 -2.48048 -2.44757 -2.46795 -2.45558 -2.48141 -2.48903 -2.4839 -2.48481  ...  0.0682999 0.198612 -0.474724 0.141195 0.0235474 0.0196859 0.172619 0.218673 0.209599 0.194245
A(psi_26) = 
             1 0 0 0 0 0 0 0 0 0   ...  0 0 0 0 0 0 0 0 0 0 
             0 3.65407 0 0 0 0 0 0 0 0   ...  0 0 0 0 0 0 0 0 0 0 
             0 0 3.60316 0 0 0 0 0 0 0   ...  0 0 0 0 0 0 0 0 0 0 
             0 0 0 3.61222 0 0 0 0 0 0   ...  0 0 0 0 0 0 0 0 0 0 
             0 0 0 0 3.62389 0 0 0 0 0   ...  0 0 0 0 0 0 0 0 0 0 
             0 0 0 0 0 3.6371 0 0 0 0   ...  0 0 0 0 0 0 0 0 0 0 
             0 0 0 0 0 0 3.62958 0 0 0   ...  0 0 0 0 0 0 0 0 0 0 
             0 0 0 0 0 0 0 3.63035 0 0   ...  0 0 0 0 0 0 0 0 0 0 
             0 0 0 0 0 0 0 0 3.64637 0   ...  0 0 0 0 0 0 0 0 0 0 
             0 0 0 0 0 0 0 0 0 3.63005   ...  0 0 0 0 0 0 0 0 0 0 
               .
               .
               .
             0 0 0 0 0 0 0 0 0 0   ...  3.46469 -0.668705 0 0 0 0 0 0 0 0 
             0 0 0 0 0 0 0 0 0 0   ...  -0.668705 3.46975 0 0 0 0 0 -0.571795 0 0 
             0 0 0 0 0 0 0 0 0 0   ...  0 0 3.5871 0 -0.331579 -0.561133 0 0 0 0 
             0 0 0 0 0 0 0 0 0 0   ...  0 0 0 3.49673 -0.397408 0 0 0 0 -0.585733 
             0 0 0 0 0 0 0 0 0 0   ...  0 0 -0.331579 -0.397408 3.53477 -0.802949 0 0 0 0 
             0 0 0 0 0 0 0 0 0 0   ...  0 0 -0.561133 0 -0.802949 3.52705 -0.592988 0 0 0 
             0 0 0 0 0 0 0 0 0 0   ...  0 0 0 0 0 -0.592988 3.50838 0 -0.412366 0 
             0 0 0 0 0 0 0 0 0 0   ...  0 -0.571795 0 0 0 0 0 3.47954 -0.443595 -0.577529 
             0 0 0 0 0 0 0 0 0 0   ...  0 0 0 0 0 0 -0.412366 -0.443595 3.49262 -0.727198 
             0 0 0 0 0 0 0 0 0 0   ...  0 0 0 -0.585733 0 0 0 -0.577529 -0.727198 3.48656 

b(psi_26) = 
 0 -2.43183 -2.39454 -2.36299 -2.38271 -2.37004 -2.39623 -2.4059 -2.40004 -2.40176  ...  0.0605866 0.194701 -0.480033 0.14001 0.0180723 0.012688 0.169879 0.21686 0.208148 0.192936
A(psi_27) = 
             1 0 0 0 0 0 0 0 0 0   ...  0 0 0 0 0 0 0 0 0 0 
             0 3.65844 0 0 0 0 0 0 0 0   ...  0 0 0 0 0 0 0 0 0 0 
             0 0 3.60177 0 0 0 0 0 0 0   ...  0 0 0 0 0 0 0 0 0 0 
             0 0 0 3.61143 0 0 0 0 0 0   ...  0 0 0 0 0 0 0 0 0 0 
             0 0 0 0 3.62381 0 0 0 0 0   ...  0 0 0 0 0 0 0 0 0 0 
             0 0 0 0 0 3.63823 0 0 0 0   ...  0 0 0 0 0 0 0 0 0 0 
             0 0 0 0 0 0 3.63035 0 0 0   ...  0 0 0 0 0 0 0 0 0 0 
             0 0 0 0 0 0 0 3.63176 0 0   ...  0 0 0 0 0 0 0 0 0 0 
             0 0 0 0 0 0 0 0 3.64869 0   ...  0 0 0 0 0 0 0 0 0 0 
             0 0 0 0 0 0 0 0 0 3.63057   ...  0 0 0 0 0 0 0 0 0 0 
               .
               .
               .
             0 0 0 0 0 0 0 0 0 0   ...  3.46511 -0.667028 0 0 0 0 0 0 0 0 
             0 0 0 0 0 0 0 0 0 0   ...  -0.667028 3.46983 0 0 0 0 0 -0.5739 0 0 
             0 0 0 0 0 0 0 0 0 0   ...  0 0 3.60346 0 -0.316326 -0.559907 0 0 0 0 
             0 0 0 0 0 0 0 0 0 0   ...  0 0 0 3.50496 -0.38231 0 0 0 0 -0.589139 
             0 0 0 0 0 0 0 0 0 0   ...  0 0 -0.316326 -0.38231 3.54763 -0.822868 0 0 0 0 
             0 0 0 0 0 0 0 0 0 0   ...  0 0 -0.559907 0 -0.822868 3.53802 -0.589413 0 0 0 
             0 0 0 0 0 0 0 0 0 0   ...  0 0 0 0 0 -0.589413 3.51549 0 -0.404732 0 
             0 0 0 0 0 0 0 0 0 0   ...  0 -0.5739 0 0 0 0 0 3.48175 -0.437129 -0.579878 
             0 0 0 0 0 0 0 0 0 0   ...  0 0 0 0 0 0 -0.404732 -0.437129 3.49735 -0.737351 
             0 0 0 0 0 0 0 0 0 0   ...  0 0 0 -0.589139 0 0 0 -0.579878 -0.737351 3.49171 

b(psi_27) = 
 0 -2.34898 -2.31071 -2.28059 -2.29986 -2.28695 -2.31329 -2.32516 -2.31839 -2.32082  ...  0.0529575 0.190902 -0.483941 0.139273 0.013034 0.00592905 0.16728 0.215391 0.207091 0.192093
A(psi_28) = 
             1 0 0 0 0 0 0 0 0 0   ...  0 0 0 0 0 0 0 0 0 0 
             0 3.66312 0 0 0 0 0 0 0 0   ...  0 0 0 0 0 0 0 0 0 0 
             0 0 3.60094 0 0 0 0 0 0 0   ...  0 0 0 0 0 0 0 0 0 0 
             0 0 0 3.61064 0 0 0 0 0 0   ...  0 0 0 0 0 0 0 0 0 0 
             0 0 0 0 3.62384 0 0 0 0 0   ...  0 0 0 0 0 0 0 0 0 0 
             0 0 0 0 0 3.6394 0 0 0 0   ...  0 0 0 0 0 0 0 0 0 0 
             0 0 0 0 0 0 3.63112 0 0 0   ...  0 0 0 0 0 0 0 0 0 0 
             0 0 0 0 0 0 0 3.63318 0 0   ...  0 0 0 0 0 0 0 0 0 0 
             0 0 0 0 0 0 0 0 3.65107 0   ...  0 0 0 0 0 0 0 0 0 0 
             0 0 0 0 0 0 0 0 0 3.63104   ...  0 0 0 0 0 0 0 0 0 0 
               .
               .
               .
             0 0 0 0 0 0 0 0 0 0   ...  3.46556 -0.665112 0 0 0 0 0 0 0 0 
             0 0 0 0 0 0 0 0 0 0   ...  -0.665112 3.46987 0 0 0 0 0 -0.576182 0 0 
             0 0 0 0 0 0 0 0 0 0   ...  0 0 3.6209 0 -0.301241 -0.558877 0 0 0 0 
             0 0 0 0 0 0 0 0 0 0   ...  0 0 0 3.51395 -0.367255 0 0 0 0 -0.59273 
             0 0 0 0 0 0 0 0 0 0   ...  0 0 -0.301241 -0.367255 3.56144 -0.84311 0 0 0 0 
             0 0 0 0 0 0 0 0 0 0   ...  0 0 -0.558877 0 -0.84311 3.54985 -0.5859 0 0 0 
             0 0 0 0 0 0 0 0 0 0   ...  0 0 0 0 0 -0.5859 3.52321 0 -0.397141 0 
             0 0 0 0 0 0 0 0 0 0   ...  0 -0.576182 0 0 0 0 0 3.48401 -0.430694 -0.582394 
             0 0 0 0 0 0 0 0 0 0   ...  0 0 0 0 0 0 -0.397141 -0.430694 3.50236 -0.747554 
             0 0 0 0 0 0 0 0 0 0   ...  0 0 0 -0.59273 0 0 0 -0.582394 -0.747554 3.49726 

b(psi_28) = 
 0 -2.26834 -2.22913 -2.20056 -2.21944 -2.20638 -2.23268 -2.24678 -2.23897 -2.242  ...  0.0454336 0.187172 -0.486772 0.139008 0.00848074 -0.000490218 0.164837 0.214173 0.206365 0.19168
A(psi_29) = 
             1 0 0 0 0 0 0 0 0 0   ...  0 0 0 0 0 0 0 0 0 0 
             0 3.66814 0 0 0 0 0 0 0 0   ...  0 0 0 0 0 0 0 0 0 0 
             0 0 3.60018 0 0 0 0 0 0 0   ...  0 0 0 0 0 0 0 0 0 0 
             0 0 0 3.60958 0 0 0 0 0 0   ...  0 0 0 0 0 0 0 0 0 0 
             0 0 0 0 3.62379 0 0 0 0 0   ...  0 0 0 0 0 0 0 0 0 0 
             0 0 0 0 0 3.64061 0 0 0 0   ...  0 0 0 0 0 0 0 0 0 0 
             0 0 0 0 0 0 3.63195 0 0 0   ...  0 0 0 0 0 0 0 0 0 0 
             0 0 0 0 0 0 0 3.63477 0 0   ...  0 0 0 0 0 0 0 0 0 0 
             0 0 0 0 0 0 0 0 3.65349 0   ...  0 0 0 0 0 0 0 0 0 0 
             0 0 0 0 0 0 0 0 0 3.63146   ...  0 0 0 0 0 0 0 0 0 0 
               .
               .
               .
             0 0 0 0 0 0 0 0 0 0   ...  3.46603 -0.662944 0 0 0 0 0 0 0 0 
             0 0 0 0 0 0 0 0 0 0   ...  -0.662944 3.46988 0 0 0 0 0 -0.578637 0 0 
             0 0 0 0 0 0 0 0 0 0   ...  0 0 3.63921 0 -0.286357 -0.557978 0 0 0 0 
             0 0 0 0 0 0 0 0 0 0   ...  0 0 0 3.52371 -0.352286 0 0 0 0 -0.5965 
             0 0 0 0 0 0 0 0 0 0   ...  0 0 -0.286357 -0.352286 3.57622 -0.863682 0 0 0 0 
             0 0 0 0 0 0 0 0 0 0   ...  0 0 -0.557978 0 -0.863682 3.56258 -0.582399 0 0 0 
             0 0 0 0 0 0 0 0 0 0   ...  0 0 0 0 0 -0.582399 3.53149 0 -0.389619 0 
             0 0 0 0 0 0 0 0 0 0   ...  0 -0.578637 0 0 0 0 0 3.48632 -0.424309 -0.585075 
             0 0 0 0 0 0 0 0 0 0   ...  0 0 0 0 0 0 -0.389619 -0.424309 3.50765 -0.757786 
             0 0 0 0 0 0 0 0 0 0   ...  0 0 0 -0.5965 0 0 0 -0.585075 -0.757786 3.50322 

b(psi_29) = 
 0 -2.18999 -2.1499 -2.12283 -2.14133 -2.12826 -2.15438 -2.17087 -2.1618 -2.1653  ...  0.0380971 0.183561 -0.488259 0.13918 0.00443765 -0.00669893 0.162429 0.21315 0.20586 0.19162
A(psi_30) = 
             1 0 0 0 0 0 0 0 0 0   ...  0 0 0 0 0 0 0 0 0 0 
             0 3.67346 0 0 0 0 0 0 0 0   ...  0 0 0 0 0 0 0 0 0 0 
             0 0 3.59972 0 0 0 0 0 0 0   ...  0 0 0 0 0 0 0 0 0 0 
             0 0 0 3.60859 0 0 0 0 0 0   ...  0 0 0 0 0 0 0 0 0 0 
             0 0 0 0 3.62385 0 0 0 0 0   ...  0 0 0 0 0 0 0 0 0 0 
             0 0 0 0 0 3.64184 0 0 0 0   ...  0 0 0 0 0 0 0 0 0 0 
             0 0 0 0 0 0 3.63295 0 0 0   ...  0 0 0 0 0 0 0 0 0 0 
             0 0 0 0 0 0 0 3.63641 0 0   ...  0 0 0 0 0 0 0 0 0 0 
             0 0 0 0 0 0 0 0 3.65595 0   ...  0 0 0 0 0 0 0 0 0 0 
             0 0 0 0 0 0 0 0 0 3.63186   ...  0 0 0 0 0 0 0 0 0 0 
               .
               .
               .
             0 0 0 0 0 0 0 0 0 0   ...  3.46653 -0.660528 0 0 0 0 0 0 0 0 
             0 0 0 0 0 0 0 0 0 0   ...  -0.660528 3.46984 0 0 0 0 0 -0.581258 0 0 
             0 0 0 0 0 0 0 0 0 0   ...  0 0 3.65851 0 -0.271687 -0.557251 0 0 0 0 
             0 0 0 0 0 0 0 0 0 0   ...  0 0 0 3.5342 -0.337443 0 0 0 0 -0.600426 
             0 0 0 0 0 0 0 0 0 0   ...  0 0 -0.271687 -0.337443 3.59193 -0.88459 0 0 0 0 
             0 0 0 0 0 0 0 0 0 0   ...  0 0 -0.557251 0 -0.88459 3.5763 -0.578875 0 0 0 
             0 0 0 0 0 0 0 0 0 0   ...  0 0 0 0 0 -0.578875 3.54034 0 -0.382203 0 
             0 0 0 0 0 0 0 0 0 0   ...  0 -0.581258 0 0 0 0 0 3.48865 -0.418003 -0.587909 
             0 0 0 0 0 0 0 0 0 0   ...  0 0 0 0 0 0 -0.382203 -0.418003 3.5132 -0.768021 
             0 0 0 0 0 0 0 0 0 0   ...  0 0 0 -0.600426 0 0 0 -0.587909 -0.768021 3.50955 

b(psi_30) = 
 0 -2.11392 -2.07307 -2.0474 -2.06564 -2.05265 -2.07854 -2.09716 -2.08691 -2.09077  ...  0.0309491 0.180078 -0.488915 0.139767 0.00082745 -0.0127526 0.159962 0.212298 0.205518 0.191879
A(psi_31) = 
             1 0 0 0 0 0 0 0 0 0   ...  0 0 0 0 0 0 0 0 0 0 
             0 3.67906 0 0 0 0 0 0 0 0   ...  0 0 0 0 0 0 0 0 0 0 
             0 0 3.59928 0 0 0 0 0 0 0   ...  0 0 0 0 0 0 0 0 0 0 
             0 0 0 3.60744 0 0 0 0 0 0   ...  0 0 0 0 0 0 0 0 0 0 
             0 0 0 0 3.62403 0 0 0 0 0   ...  0 0 0 0 0 0 0 0 0 0 
             0 0 0 0 0 3.64312 0 0 0 0   ...  0 0 0 0 0 0 0 0 0 0 
             0 0 0 0 0 0 3.63392 0 0 0   ...  0 0 0 0 0 0 0 0 0 0 
             0 0 0 0 0 0 0 3.63794 0 0   ...  0 0 0 0 0 0 0 0 0 0 
             0 0 0 0 0 0 0 0 3.65842 0   ...  0 0 0 0 0 0 0 0 0 0 
             0 0 0 0 0 0 0 0 0 3.6322   ...  0 0 0 0 0 0 0 0 0 0 
               .
               .
               .
             0 0 0 0 0 0 0 0 0 0   ...  3.46705 -0.657867 0 0 0 0 0 0 0 0 
             0 0 0 0 0 0 0 0 0 0   ...  -0.657867 3.46977 0 0 0 0 0 -0.58404 0 0 
             0 0 0 0 0 0 0 0 0 0   ...  0 0 3.67878 0 -0.257281 -0.556626 0 0 0 0 
             0 0 0 0 0 0 0 0 0 0   ...  0 0 0 3.54542 -0.322755 0 0 0 0 -0.604487 
             0 0 0 0 0 0 0 0 0 0   ...  0 0 -0.257281 -0.322755 3.6085 -0.905772 0 0 0 0 
             0 0 0 0 0 0 0 0 0 0   ...  0 0 -0.556626 0 -0.905772 3.59085 -0.575389 0 0 0 
             0 0 0 0 0 0 0 0 0 0   ...  0 0 0 0 0 -0.575389 3.54986 0 -0.374912 0 
             0 0 0 0 0 0 0 0 0 0   ...  0 -0.58404 0 0 0 0 0 3.491 -0.411795 -0.590885 
             0 0 0 0 0 0 0 0 0 0   ...  0 0 0 0 0 0 -0.374912 -0.411795 3.51899 -0.778241 
             0 0 0 0 0 0 0 0 0 0   ...  0 0 0 -0.604487 0 0 0 -0.590885 -0.778241 3.51625 

b(psi_31) = 
 0 -2.04015 -1.99865 -1.97423 -1.99234 -1.97949 -2.00499 -2.02539 -2.01426 -2.01837  ...  0.024058 0.176728 -0.488587 0.140722 -0.00232607 -0.0185494 0.157493 0.211574 0.205265 0.192392
A(psi_32) = 
             1 0 0 0 0 0 0 0 0 0   ...  0 0 0 0 0 0 0 0 0 0 
             0 3.68495 0 0 0 0 0 0 0 0   ...  0 0 0 0 0 0 0 0 0 0 
             0 0 3.59844 0 0 0 0 0 0 0   ...  0 0 0 0 0 0 0 0 0 0 
             0 0 0 3.60649 0 0 0 0 0 0   ...  0 0 0 0 0 0 0 0 0 0 
             0 0 0 0 3.62412 0 0 0 0 0   ...  0 0 0 0 0 0 0 0 0 0 
             0 0 0 0 0 3.64444 0 0 0 0   ...  0 0 0 0 0 0 0 0 0 0 
             0 0 0 0 0 0 3.63494 0 0 0   ...  0 0 0 0 0 0 0 0 0 0 
             0 0 0 0 0 0 0 3.63936 0 0   ...  0 0 0 0 0 0 0 0 0 0 
             0 0 0 0 0 0 0 0 3.66087 0   ...  0 0 0 0 0 0 0 0 0 0 
             0 0 0 0 0 0 0 0 0 3.63246   ...  0 0 0 0 0 0 0 0 0 0 
               .
               .
               .
             0 0 0 0 0 0 0 0 0 0   ...  3.46761 -0.654968 0 0 0 0 0 0 0 0 
             0 0 0 0 0 0 0 0 0 0   ...  -0.654968 3.46967 0 0 0 0 0 -0.586975 0 0 
             0 0 0 0 0 0 0 0 0 0   ...  0 0 3.69976 0 -0.243176 -0.556113 0 0 0 0 
             0 0 0 0 0 0 0 0 0 0   ...  0 0 0 3.55729 -0.308273 0 0 0 0 -0.608658 
             0 0 0 0 0 0 0 0 0 0   ...  0 0 -0.243176 -0.308273 3.62593 -0.927211 0 0 0 0 
             0 0 0 0 0 0 0 0 0 0   ...  0 0 -0.556113 0 -0.927211 3.60638 -0.571924 0 0 0 
             0 0 0 0 0 0 0 0 0 0   ...  0 0 0 0 0 -0.571924 3.55995 0 -0.367739 0 
             0 0 0 0 0 0 0 0 0 0   ...  0 -0.586975 0 0 0 0 0 3.49335 -0.405705 -0.593991 
             0 0 0 0 0 0 0 0 0 0   ...  0 0 0 0 0 0 -0.367739 -0.405705 3.52502 -0.788431 
             0 0 0 0 0 0 0 0 0 0   ...  0 0 0 -0.608658 0 0 0 -0.593991 -0.788431 3.52329 

b(psi_32) = 
 0 -1.96866 -1.92654 -1.90342 -1.92135 -1.90876 -1.93375 -1.95553 -1.94383 -1.94804  ...  0.0173889 0.173498 -0.487236 0.142044 -0.00500669 -0.0240158 0.155045 0.210916 0.205056 0.193119
A(psi_33) = 
             1 0 0 0 0 0 0 0 0 0   ...  0 0 0 0 0 0 0 0 0 0 
             0 3.69104 0 0 0 0 0 0 0 0   ...  0 0 0 0 0 0 0 0 0 0 
             0 0 3.59801 0 0 0 0 0 0 0   ...  0 0 0 0 0 0 0 0 0 0 
             0 0 0 3.60526 0 0 0 0 0 0   ...  0 0 0 0 0 0 0 0 0 0 
             0 0 0 0 3.62431 0 0 0 0 0   ...  0 0 0 0 0 0 0 0 0 0 
             0 0 0 0 0 3.64578 0 0 0 0   ...  0 0 0 0 0 0 0 0 0 0 
             0 0 0 0 0 0 3.63596 0 0 0   ...  0 0 0 0 0 0 0 0 0 0 
             0 0 0 0 0 0 0 3.64059 0 0   ...  0 0 0 0 0 0 0 0 0 0 
             0 0 0 0 0 0 0 0 3.66328 0   ...  0 0 0 0 0 0 0 0 0 0 
             0 0 0 0 0 0 0 0 0 3.63266   ...  0 0 0 0 0 0 0 0 0 0 
               .
               .
               .
             0 0 0 0 0 0 0 0 0 0   ...  3.46817 -0.651838 0 0 0 0 0 0 0 0 
             0 0 0 0 0 0 0 0 0 0   ...  -0.651838 3.46957 0 0 0 0 0 -0.590057 0 0 
             0 0 0 0 0 0 0 0 0 0   ...  0 0 3.72165 0 -0.229386 -0.555716 0 0 0 0 
             0 0 0 0 0 0 0 0 0 0   ...  0 0 0 3.56981 -0.294026 0 0 0 0 -0.612914 
             0 0 0 0 0 0 0 0 0 0   ...  0 0 -0.229386 -0.294026 3.6441 -0.948862 0 0 0 0 
             0 0 0 0 0 0 0 0 0 0   ...  0 0 -0.555716 0 -0.948862 3.62278 -0.568463 0 0 0 
             0 0 0 0 0 0 0 0 0 0   ...  0 0 0 0 0 -0.568463 3.57063 0 -0.360709 0 
             0 0 0 0 0 0 0 0 0 0   ...  0 -0.590057 0 0 0 0 0 3.4957 -0.399741 -0.59721 
             0 0 0 0 0 0 0 0 0 0   ...  0 0 0 0 0 0 -0.360709 -0.399741 3.53129 -0.798578 
             0 0 0 0 0 0 0 0 0 0   ...  0 0 0 -0.612914 0 0 0 -0.59721 -0.798578 3.53066 

b(psi_33) = 
 0 -1.89938 -1.85675 -1.83487 -1.85272 -1.84033 -1.86485 -1.88751 -1.87555 -1.87975  ...  0.0110115 0.170362 -0.48527 0.143719 -0.00720589 -0.0291905 0.152578 0.210271 0.204851 0.194011
A(psi_34) = 
             1 0 0 0 0 0 0 0 0 0   ...  0 0 0 0 0 0 0 0 0 0 
             0 3.69737 0 0 0 0 0 0 0 0   ...  0 0 0 0 0 0 0 0 0 0 
             0 0 3.5978 0 0 0 0 0 0 0   ...  0 0 0 0 0 0 0 0 0 0 
             0 0 0 3.60465 0 0 0 0 0 0   ...  0 0 0 0 0 0 0 0 0 0 
             0 0 0 0 3.62454 0 0 0 0 0   ...  0 0 0 0 0 0 0 0 0 0 
             0 0 0 0 0 3.64714 0 0 0 0   ...  0 0 0 0 0 0 0 0 0 0 
             0 0 0 0 0 0 3.63717 0 0 0   ...  0 0 0 0 0 0 0 0 0 0 
             0 0 0 0 0 0 0 3.6416 0 0   ...  0 0 0 0 0 0 0 0 0 0 
             0 0 0 0 0 0 0 0 3.66566 0   ...  0 0 0 0 0 0 0 0 0 0 
             0 0 0 0 0 0 0 0 0 3.63281   ...  0 0 0 0 0 0 0 0 0 0 
               .
               .
               .
             0 0 0 0 0 0 0 0 0 0   ...  3.46876 -0.64849 0 0 0 0 0 0 0 0 
             0 0 0 0 0 0 0 0 0 0   ...  -0.64849 3.46944 0 0 0 0 0 -0.59328 0 0 
             0 0 0 0 0 0 0 0 0 0   ...  0 0 3.74433 0 -0.215924 -0.555314 0 0 0 0 
             0 0 0 0 0 0 0 0 0 0   ...  0 0 0 3.5829 -0.280052 0 0 0 0 -0.617219 
             0 0 0 0 0 0 0 0 0 0   ...  0 0 -0.215924 -0.280052 3.66302 -0.970734 0 0 0 0 
             0 0 0 0 0 0 0 0 0 0   ...  0 0 -0.555314 0 -0.970734 3.63994 -0.565036 0 0 0 
             0 0 0 0 0 0 0 0 0 0   ...  0 0 0 0 0 -0.565036 3.58191 0 -0.353835 0 
             0 0 0 0 0 0 0 0 0 0   ...  0 -0.59328 0 0 0 0 0 3.49806 -0.393919 -0.600537 
             0 0 0 0 0 0 0 0 0 0   ...  0 0 0 0 0 0 -0.353835 -0.393919 3.53775 -0.808654 
             0 0 0 0 0 0 0 0 0 0   ...  0 0 0 -0.617219 0 0 0 -0.600537 -0.808654 3.5383 

b(psi_34) = 
 0 -1.83227 -1.78923 -1.76863 -1.78633 -1.77416 -1.79816 -1.8214 -1.80938 -1.81346  ...  0.00493462 0.167333 -0.482361 0.145699 -0.009002 -0.0340542 0.150199 0.209634 0.20466 0.19507
A(psi_35) = 
             1 0 0 0 0 0 0 0 0 0   ...  0 0 0 0 0 0 0 0 0 0 
             0 3.70387 0 0 0 0 0 0 0 0   ...  0 0 0 0 0 0 0 0 0 0 
             0 0 3.59571 0 0 0 0 0 0 0   ...  0 0 0 0 0 0 0 0 0 0 
             0 0 0 3.60461 0 0 0 0 0 0   ...  0 0 0 0 0 0 0 0 0 0 
             0 0 0 0 3.6249 0 0 0 0 0   ...  0 0 0 0 0 0 0 0 0 0 
             0 0 0 0 0 3.64852 0 0 0 0   ...  0 0 0 0 0 0 0 0 0 0 
             0 0 0 0 0 0 3.63814 0 0 0   ...  0 0 0 0 0 0 0 0 0 0 
             0 0 0 0 0 0 0 3.64253 0 0   ...  0 0 0 0 0 0 0 0 0 0 
             0 0 0 0 0 0 0 0 3.66795 0   ...  0 0 0 0 0 0 0 0 0 0 
             0 0 0 0 0 0 0 0 0 3.63286   ...  0 0 0 0 0 0 0 0 0 0 
               .
               .
               .
             0 0 0 0 0 0 0 0 0 0   ...  3.46937 -0.644939 0 0 0 0 0 0 0 0 
             0 0 0 0 0 0 0 0 0 0   ...  -0.644939 3.46934 0 0 0 0 0 -0.596632 0 0 
             0 0 0 0 0 0 0 0 0 0   ...  0 0 3.76768 0 -0.202839 -0.554895 0 0 0 0 
             0 0 0 0 0 0 0 0 0 0   ...  0 0 0 3.59652 -0.266385 0 0 0 0 -0.621546 
             0 0 0 0 0 0 0 0 0 0   ...  0 0 -0.202839 -0.266385 3.6826 -0.992795 0 0 0 0 
             0 0 0 0 0 0 0 0 0 0   ...  0 0 -0.554895 0 -0.992795 3.65795 -0.561629 0 0 0 
             0 0 0 0 0 0 0 0 0 0   ...  0 0 0 0 0 -0.561629 3.59377 0 -0.347129 0 
             0 0 0 0 0 0 0 0 0 0   ...  0 -0.596632 0 0 0 0 0 3.50039 -0.388247 -0.603957 
             0 0 0 0 0 0 0 0 0 0   ...  0 0 0 0 0 0 -0.347129 -0.388247 3.54439 -0.818649 
             0 0 0 0 0 0 0 0 0 0   ...  0 0 0 -0.621546 0 0 0 -0.603957 -0.818649 3.54621 

b(psi_35) = 
 0 -1.76722 -1.72361 -1.70446 -1.72206 -1.7101 -1.73337 -1.75719 -1.74518 -1.74904  ...  -0.000785123 0.164387 -0.4788 0.147959 -0.0103161 -0.0384258 0.147867 0.208984 0.204449 0.19625
A(psi_36) = 
             1 0 0 0 0 0 0 0 0 0   ...  0 0 0 0 0 0 0 0 0 0 
             0 3.71052 0 0 0 0 0 0 0 0   ...  0 0 0 0 0 0 0 0 0 0 
             0 0 3.59708 0 0 0 0 0 0 0   ...  0 0 0 0 0 0 0 0 0 0 
             0 0 0 3.60525 0 0 0 0 0 0   ...  0 0 0 0 0 0 0 0 0 0 
             0 0 0 0 3.62509 0 0 0 0 0   ...  0 0 0 0 0 0 0 0 0 0 
             0 0 0 0 0 3.64987 0 0 0 0   ...  0 0 0 0 0 0 0 0 0 0 
             0 0 0 0 0 0 3.6392 0 0 0   ...  0 0 0 0 0 0 0 0 0 0 
             0 0 0 0 0 0 0 3.64328 0 0   ...  0 0 0 0 0 0 0 0 0 0 
             0 0 0 0 0 0 0 0 3.67016 0   ...  0 0 0 0 0 0 0 0 0 0 
             0 0 0 0 0 0 0 0 0 3.63284   ...  0 0 0 0 0 0 0 0 0 0 
               .
               .
               .
             0 0 0 0 0 0 0 0 0 0   ...  3.47 -0.641208 0 0 0 0 0 0 0 0 
             0 0 0 0 0 0 0 0 0 0   ...  -0.641208 3.46926 0 0 0 0 0 -0.600114 0 0 
             0 0 0 0 0 0 0 0 0 0   ...  0 0 3.79188 0 -0.190131 -0.554491 0 0 0 0 
             0 0 0 0 0 0 0 0 0 0   ...  0 0 0 3.61063 -0.253044 0 0 0 0 -0.625866 
             0 0 0 0 0 0 0 0 0 0   ...  0 0 -0.190131 -0.253044 3.70277 -1.01501 0 0 0 0 
             0 0 0 0 0 0 0 0 0 0   ...  0 0 -0.554491 0 -1.01501 3.67675 -0.558208 0 0 0 
             0 0 0 0 0 0 0 0 0 0   ...  0 0 0 0 0 -0.558208 3.60616 0 -0.340588 0 
             0 0 0 0 0 0 0 0 0 0   ...  0 -0.600114 0 0 0 0 0 3.50271 -0.382742 -0.60746 
             0 0 0 0 0 0 0 0 0 0   ...  0 0 0 0 0 0 -0.340588 -0.382742 3.55118 -0.828531 
             0 0 0 0 0 0 0 0 0 0   ...  0 0 0 -0.625866 0 0 0 -0.60746 -0.828531 3.55434 

b(psi_36) = 
 0 -1.70419 -1.66048 -1.64244 -1.65975 -1.64807 -1.67054 -1.69485 -1.68291 -1.68646  ...  -0.00615481 0.161516 -0.474745 0.150471 -0.0112239 -0.0423317 0.14562 0.208292 0.204221 0.197535
A(psi_37) = 
             1 0 0 0 0 0 0 0 0 0   ...  0 0 0 0 0 0 0 0 0 0 
             0 3.71726 0 0 0 0 0 0 0 0   ...  0 0 0 0 0 0 0 0 0 0 
             0 0 3.59357 0 0 0 0 0 0 0   ...  0 0 0 0 0 0 0 0 0 0 
             0 0 0 3.60326 0 0 0 0 0 0   ...  0 0 0 0 0 0 0 0 0 0 
             0 0 0 0 3.62558 0 0 0 0 0   ...  0 0 0 0 0 0 0 0 0 0 
             0 0 0 0 0 3.65116 0 0 0 0   ...  0 0 0 0 0 0 0 0 0 0 
             0 0 0 0 0 0 3.64012 0 0 0   ...  0 0 0 0 0 0 0 0 0 0 
             0 0 0 0 0 0 0 3.64397 0 0   ...  0 0 0 0 0 0 0 0 0 0 
             0 0 0 0 0 0 0 0 3.67223 0   ...  0 0 0 0 0 0 0 0 0 0 
             0 0 0 0 0 0 0 0 0 3.63265   ...  0 0 0 0 0 0 0 0 0 0 
               .
               .
               .
             0 0 0 0 0 0 0 0 0 0   ...  3.47065 -0.637302 0 0 0 0 0 0 0 0 
             0 0 0 0 0 0 0 0 0 0   ...  -0.637302 3.46921 0 0 0 0 0 -0.603715 0 0 
             0 0 0 0 0 0 0 0 0 0   ...  0 0 3.81669 0 -0.177812 -0.554014 0 0 0 0 
             0 0 0 0 0 0 0 0 0 0   ...  0 0 0 3.62514 -0.24007 0 0 0 0 -0.630148 
             0 0 0 0 0 0 0 0 0 0   ...  0 0 -0.177812 -0.24007 3.72353 -1.03738 0 0 0 0 
             0 0 0 0 0 0 0 0 0 0   ...  0 0 -0.554014 0 -1.03738 3.6963 -0.554782 0 0 0 
             0 0 0 0 0 0 0 0 0 0   ...  0 0 0 0 0 -0.554782 3.61908 0 -0.334228 0 
             0 0 0 0 0 0 0 0 0 0   ...  0 -0.603715 0 0 0 0 0 3.50497 -0.37741 -0.611028 
             0 0 0 0 0 0 0 0 0 0   ...  0 0 0 0 0 0 -0.334228 -0.37741 3.55814 -0.838297 
             0 0 0 0 0 0 0 0 0 0   ...  0 0 0 -0.630148 0 0 0 -0.611028 -0.838297 3.56267 

b(psi_37) = 
 0 -1.64306 -1.59916 -1.58197 -1.59937 -1.58798 -1.60951 -1.6344 -1.62246 -1.62564  ...  -0.0111123 0.158744 -0.469794 0.153255 -0.0116881 -0.0456972 0.14352 0.207569 0.203946 0.198913
A(psi_38) = 
             1 0 0 0 0 0 0 0 0 0   ...  0 0 0 0 0 0 0 0 0 0 
             0 3.72406 0 0 0 0 0 0 0 0   ...  0 0 0 0 0 0 0 0 0 0 
             0 0 3.60242 0 0 0 0 0 0 0   ...  0 0 0 0 0 0 0 0 0 0 
             0 0 0 3.6035 0 0 0 0 0 0   ...  0 0 0 0 0 0 0 0 0 0 
             0 0 0 0 3.6257 0 0 0 0 0   ...  0 0 0 0 0 0 0 0 0 0 
             0 0 0 0 0 3.65241 0 0 0 0   ...  0 0 0 0 0 0 0 0 0 0 
             0 0 0 0 0 0 3.64108 0 0 0   ...  0 0 0 0 0 0 0 0 0 0 
             0 0 0 0 0 0 0 3.64449 0 0   ...  0 0 0 0 0 0 0 0 0 0 
             0 0 0 0 0 0 0 0 3.67418 0   ...  0 0 0 0 0 0 0 0 0 0 
             0 0 0 0 0 0 0 0 0 3.63244   ...  0 0 0 0 0 0 0 0 0 0 
               .
               .
               .
             0 0 0 0 0 0 0 0 0 0   ...  3.4713 -0.633239 0 0 0 0 0 0 0 0 
             0 0 0 0 0 0 0 0 0 0   ...  -0.633239 3.46919 0 0 0 0 0 -0.607431 0 0 
             0 0 0 0 0 0 0 0 0 0   ...  0 0 3.84195 0 -0.165919 -0.553465 0 0 0 0 
             0 0 0 0 0 0 0 0 0 0   ...  0 0 0 3.64003 -0.227478 0 0 0 0 -0.634367 
             0 0 0 0 0 0 0 0 0 0   ...  0 0 -0.165919 -0.227478 3.74478 -1.05986 0 0 0 0 
             0 0 0 0 0 0 0 0 0 0   ...  0 0 -0.553465 0 -1.05986 3.71658 -0.551321 0 0 0 
             0 0 0 0 0 0 0 0 0 0   ...  0 0 0 0 0 -0.551321 3.6325 0 -0.328048 0 
             0 0 0 0 0 0 0 0 0 0   ...  0 -0.607431 0 0 0 0 0 3.50722 -0.372263 -0.614649 
             0 0 0 0 0 0 0 0 0 0   ...  0 0 0 0 0 0 -0.328048 -0.372263 3.56521 -0.847913 
             0 0 0 0 0 0 0 0 0 0   ...  0 0 0 -0.634367 0 0 0 -0.614649 -0.847913 3.57113 

b(psi_38) = 
 0 -1.5838 -1.54089 -1.52356 -1.54075 -1.52978 -1.55026 -1.57566 -1.56378 -1.56653  ...  -0.0156658 0.156037 -0.46416 0.156276 -0.0116276 -0.0484351 0.141578 0.206757 0.203652 0.20036
A(psi_39) = 
             1 0 0 0 0 0 0 0 0 0   ...  0 0 0 0 0 0 0 0 0 0 
             0 3.73089 0 0 0 0 0 0 0 0   ...  0 0 0 0 0 0 0 0 0 0 
             0 0 3.5856 0 0 0 0 0 0 0   ...  0 0 0 0 0 0 0 0 0 0 
             0 0 0 3.59951 0 0 0 0 0 0   ...  0 0 0 0 0 0 0 0 0 0 
             0 0 0 0 3.6264 0 0 0 0 0   ...  0 0 0 0 0 0 0 0 0 0 
             0 0 0 0 0 3.65362 0 0 0 0   ...  0 0 0 0 0 0 0 0 0 0 
             0 0 0 0 0 0 3.64176 0 0 0   ...  0 0 0 0 0 0 0 0 0 0 
             0 0 0 0 0 0 0 3.64495 0 0   ...  0 0 0 0 0 0 0 0 0 0 
             0 0 0 0 0 0 0 0 3.67599 0   ...  0 0 0 0 0 0 0 0 0 0 
             0 0 0 0 0 0 0 0 0 3.6321   ...  0 0 0 0 0 0 0 0 0 0 
               .
               .
               .
             0 0 0 0 0 0 0 0 0 0   ...  3.47197 -0.62904 0 0 0 0 0 0 0 0 
             0 0 0 0 0 0 0 0 0 0   ...  -0.62904 3.4692 0 0 0 0 0 -0.611252 0 0 
             0 0 0 0 0 0 0 0 0 0   ...  0 0 3.86767 0 -0.15444 -0.552887 0 0 0 0 
             0 0 0 0 0 0 0 0 0 0   ...  0 0 0 3.65523 -0.215269 0 0 0 0 -0.63849 
             0 0 0 0 0 0 0 0 0 0   ...  0 0 -0.15444 -0.215269 3.76645 -1.08242 0 0 0 0 
             0 0 0 0 0 0 0 0 0 0   ...  0 0 -0.552887 0 -1.08242 3.73757 -0.547832 0 0 0 
             0 0 0 0 0 0 0 0 0 0   ...  0 0 0 0 0 -0.547832 3.64643 0 -0.322049 0 
             0 0 0 0 0 0 0 0 0 0   ...  0 -0.611252 0 0 0 0 0 3.50942 -0.367305 -0.618309 
             0 0 0 0 0 0 0 0 0 0   ...  0 0 0 0 0 0 -0.322049 -0.367305 3.57237 -0.857368 
             0 0 0 0 0 0 0 0 0 0   ...  0 0 0 -0.63849 0 0 0 -0.618309 -0.857368 3.57969 

b(psi_39) = 
 0 -1.52633 -1.48207 -1.46704 -1.4839 -1.4734 -1.49268 -1.51876 -1.50677 -1.50905  ...  -0.0198032 0.1534 -0.458032 0.15952 -0.0111132 -0.0506165 0.139847 0.205884 0.203338 0.201872
A(psi_40) = 
             1 0 0 0 0 0 0 0 0 0   ...  0 0 0 0 0 0 0 0 0 0 
             0 3.73775 0 0 0 0 0 0 0 0   ...  0 0 0 0 0 0 0 0 0 0 
             0 0 3.62445 0 0 0 0 0 0 0   ...  0 0 0 0 0 0 0 0 0 0 
             0 0 0 3.60709 0 0 0 0 0 0   ...  0 0 0 0 0 0 0 0 0 0 
             0 0 0 0 3.62617 0 0 0 0 0   ...  0 0 0 0 0 0 0 0 0 0 
             0 0 0 0 0 3.65476 0 0 0 0   ...  0 0 0 0 0 0 0 0 0 0 
             0 0 0 0 0 0 3.64249 0 0 0   ...  0 0 0 0 0 0 0 0 0 0 
             0 0 0 0 0 0 0 3.64517 0 0   ...  0 0 0 0 0 0 0 0 0 0 
             0 0 0 0 0 0 0 0 3.6776 0   ...  0 0 0 0 0 0 0 0 0 0 
             0 0 0 0 0 0 0 0 0 3.63165   ...  0 0 0 0 0 0 0 0 0 0 
               .
               .
               .
             0 0 0 0 0 0 0 0 0 0   ...  3.47264 -0.624719 0 0 0 0 0 0 0 0 
             0 0 0 0 0 0 0 0 0 0   ...  -0.624719 3.46927 0 0 0 0 0 -0.615169 0 0 
             0 0 0 0 0 0 0 0 0 0   ...  0 0 3.89394 0 -0.143394 -0.552206 0 0 0 0 
             0 0 0 0 0 0 0 0 0 0   ...  0 0 0 3.67066 -0.203469 0 0 0 0 -0.6425 
             0 0 0 0 0 0 0 0 0 0   ...  0 0 -0.143394 -0.203469 3.78849 -1.10502 0 0 0 0 
             0 0 0 0 0 0 0 0 0 0   ...  0 0 -0.552206 0 -1.10502 3.75918 -0.544322 0 0 0 
             0 0 0 0 0 0 0 0 0 0   ...  0 0 0 0 0 -0.544322 3.66082 0 -0.316241 0 
             0 0 0 0 0 0 0 0 0 0   ...  0 -0.615169 0 0 0 0 0 3.51158 -0.362542 -0.621995 
             0 0 0 0 0 0 0 0 0 0   ...  0 0 0 0 0 0 -0.316241 -0.362542 3.57963 -0.866655 
             0 0 0 0 0 0 0 0 0 0   ...  0 0 0 -0.6425 0 0 0 -0.621995 -0.866655 3.58835 

b(psi_40) = 
 0 -1.47055 -1.43135 -1.41364 -1.42862 -1.41874 -1.43679 -1.46355 -1.45135 -1.45314  ...  -0.0235018 0.150807 -0.451269 0.162963 -0.0101706 -0.0522686 0.138319 0.204904 0.202991 0.203417
A(psi_41) = 
             1 0 0 0 0 0 0 0 0 0   ...  0 0 0 0 0 0 0 0 0 0 
             0 3.74465 0 0 0 0 0 0 0 0   ...  0 0 0 0 0 0 0 0 0 0 
             0 0 3.53264 0 0 0 0 0 0 0   ...  0 0 0 0 0 0 0 0 0 0 
             0 0 0 3.59123 0 0 0 0 0 0   ...  0 0 0 0 0 0 0 0 0 0 
             0 0 0 0 3.62763 0 0 0 0 0   ...  0 0 0 0 0 0 0 0 0 0 
             0 0 0 0 0 3.65584 0 0 0 0   ...  0 0 0 0 0 0 0 0 0 0 
             0 0 0 0 0 0 3.64294 0 0 0   ...  0 0 0 0 0 0 0 0 0 0 
             0 0 0 0 0 0 0 3.64537 0 0   ...  0 0 0 0 0 0 0 0 0 0 
             0 0 0 0 0 0 0 0 3.67902 0   ...  0 0 0 0 0 0 0 0 0 0 
             0 0 0 0 0 0 0 0 0 3.63104   ...  0 0 0 0 0 0 0 0 0 0 
               .
               .
               .
             0 0 0 0 0 0 0 0 0 0   ...  3.47332 -0.620285 0 0 0 0 0 0 0 0 
             0 0 0 0 0 0 0 0 0 0   ...  -0.620285 3.46939 0 0 0 0 0 -0.619173 0 0 
             0 0 0 0 0 0 0 0 0 0   ...  0 0 3.92041 0 -0.132794 -0.551394 0 0 0 0 
             0 0 0 0 0 0 0 0 0 0   ...  0 0 0 3.68629 -0.192089 0 0 0 0 -0.646374 
             0 0 0 0 0 0 0 0 0 0   ...  0 0 -0.132794 -0.192089 3.81083 -1.12766 0 0 0 0 
             0 0 0 0 0 0 0 0 0 0   ...  0 0 -0.551394 0 -1.12766 3.78144 -0.540751 0 0 0 
             0 0 0 0 0 0 0 0 0 0   ...  0 0 0 0 0 -0.540751 3.67563 0 -0.310621 0 
             0 0 0 0 0 0 0 0 0 0   ...  0 -0.619173 0 0 0 0 0 3.5137 -0.35799 -0.625689 
             0 0 0 0 0 0 0 0 0 0   ...  0 0 0 0 0 0 -0.310621 -0.35799 3.58692 -0.87575 
             0 0 0 0 0 0 0 0 0 0   ...  0 0 0 -0.646374 0 0 0 -0.625689 -0.87575 3.59702 

b(psi_41) = 
 0 -1.41647 -1.37042 -1.36004 -1.37501 -1.36573 -1.38247 -1.41012 -1.39746 -1.39876  ...  -0.0268067 0.148234 -0.443833 0.166545 -0.00878025 -0.0533976 0.136972 0.20381 0.202607 0.204956
A(psi_42) = 
             1 0 0 0 0 0 0 0 0 0   ...  0 0 0 0 0 0 0 0 0 0 
             0 3.75157 0 0 0 0 0 0 0 0   ...  0 0 0 0 0 0 0 0 0 0 
             0 0 3.64632 0 0 0 0 0 0 0   ...  0 0 0 0 0 0 0 0 0 0 
             0 0 0 3.62534 0 0 0 0 0 0   ...  0 0 0 0 0 0 0 0 0 0 
             0 0 0 0 3.62581 0 0 0 0 0   ...  0 0 0 0 0 0 0 0 0 0 
             0 0 0 0 0 3.65685 0 0 0 0   ...  0 0 0 0 0 0 0 0 0 0 
             0 0 0 0 0 0 3.64354 0 0 0   ...  0 0 0 0 0 0 0 0 0 0 
             0 0 0 0 0 0 0 3.64571 0 0   ...  0 0 0 0 0 0 0 0 0 0 
             0 0 0 0 0 0 0 0 3.68029 0   ...  0 0 0 0 0 0 0 0 0 0 
             0 0 0 0 0 0 0 0 0 3.63033   ...  0 0 0 0 0 0 0 0 0 0 
               .
               .
               .
             0 0 0 0 0 0 0 0 0 0   ...  3.47402 -0.615759 0 0 0 0 0 0 0 0 
             0 0 0 0 0 0 0 0 0 0   ...  -0.615759 3.46958 0 0 0 0 0 -0.623254 0 0 
             0 0 0 0 0 0 0 0 0 0   ...  0 0 3.94707 0 -0.122642 -0.550464 0 0 0 0 
             0 0 0 0 0 0 0 0 0 0   ...  0 0 0 3.70207 -0.181116 0 0 0 0 -0.650092 
             0 0 0 0 0 0 0 0 0 0   ...  0 0 -0.122642 -0.181116 3.83343 -1.15031 0 0 0 0 
             0 0 0 0 0 0 0 0 0 0   ...  0 0 -0.550464 0 -1.15031 3.80426 -0.537125 0 0 0 
             0 0 0 0 0 0 0 0 0 0   ...  0 0 0 0 0 -0.537125 3.69083 0 -0.305206 0 
             0 0 0 0 0 0 0 0 0 0   ...  0 -0.623254 0 0 0 0 0 3.51574 -0.353651 -0.629376 
             0 0 0 0 0 0 0 0 0 0   ...  0 0 0 0 0 0 -0.305206 -0.353651 3.59426 -0.884658 
             0 0 0 0 0 0 0 0 0 0   ...  0 0 0 -0.650092 0 0 0 -0.629376 -0.884658 3.6057 

b(psi_42) = 
 0 -1.36412 -1.31654 -1.31181 -1.3228 -1.3144 -1.32983 -1.35855 -1.34517 -1.34597  ...  -0.0298036 0.145577 -0.436077 0.170105 -0.00712948 -0.0541238 0.135764 0.202502 0.202069 0.20636
A(psi_43) = 
             1 0 0 0 0 0 0 0 0 0   ...  0 0 0 0 0 0 0 0 0 0 
             0 3.75838 0 0 0 0 0 0 0 0   ...  0 0 0 0 0 0 0 0 0 0 
             0 0 2.98298 0 0 0 0 0 0 0   ...  0 0 0 0 0 0 0 0 0 0 
             0 0 0 3.53217 0 0 0 0 0 0   ...  0 0 0 0 0 0 0 0 0 0 
             0 0 0 0 3.63089 0 0 0 0 0   ...  0 0 0 0 0 0 0 0 0 0 
             0 0 0 0 0 3.65777 0 0 0 0   ...  0 0 0 0 0 0 0 0 0 0 
             0 0 0 0 0 0 3.64373 0 0 0   ...  0 0 0 0 0 0 0 0 0 0 
             0 0 0 0 0 0 0 3.64595 0 0   ...  0 0 0 0 0 0 0 0 0 0 
             0 0 0 0 0 0 0 0 3.68131 0   ...  0 0 0 0 0 0 0 0 0 0 
             0 0 0 0 0 0 0 0 0 3.62951   ...  0 0 0 0 0 0 0 0 0 0 
               .
               .
               .
             0 0 0 0 0 0 0 0 0 0   ...  3.4747 -0.611143 0 0 0 0 0 0 0 0 
             0 0 0 0 0 0 0 0 0 0   ...  -0.611143 3.46982 0 0 0 0 0 -0.627399 0 0 
             0 0 0 0 0 0 0 0 0 0   ...  0 0 3.97432 0 -0.112951 -0.549361 0 0 0 0 
             0 0 0 0 0 0 0 0 0 0   ...  0 0 0 3.71792 -0.170573 0 0 0 0 -0.653635 
             0 0 0 0 0 0 0 0 0 0   ...  0 0 -0.112951 -0.170573 3.85619 -1.17293 0 0 0 0 
             0 0 0 0 0 0 0 0 0 0   ...  0 0 -0.549361 0 -1.17293 3.82747 -0.533462 0 0 0 
             0 0 0 0 0 0 0 0 0 0   ...  0 0 0 0 0 -0.533462 3.7064 0 -0.299997 0 
             0 0 0 0 0 0 0 0 0 0   ...  0 -0.627399 0 0 0 0 0 3.51772 -0.349532 -0.633041 
             0 0 0 0 0 0 0 0 0 0   ...  0 0 0 0 0 0 -0.299997 -0.349532 3.60162 -0.893362 
             0 0 0 0 0 0 0 0 0 0   ...  0 0 0 -0.653635 0 0 0 -0.633041 -0.893362 3.61434 

b(psi_43) = 
 0 -1.31368 -1.16942 -1.25334 -1.27276 -1.26498 -1.27905 -1.3088 -1.29472 -1.29502  ...  -0.0328457 0.142475 -0.428399 0.173298 -0.00562795 -0.0548354 0.134337 0.200601 0.201036 0.207253
A(psi_44) = 
             1 0 0 0 0 0 0 0 0 0   ...  0 0 0 0 0 0 0 0 0 0 
             0 3.765 0 0 0 0 0 0 0 0   ...  0 0 0 0 0 0 0 0 0 0 
             0 0 2.93175 0 0 0 0 0 0 0   ...  0 0 0 0 0 0 0 0 0 0 
             0 0 0 3.64277 0 0 0 0 0 0   ...  0 0 0 0 0 0 0 0 0 0 
             0 0 0 0 3.62012 0 0 0 0 0   ...  0 0 0 0 0 0 0 0 0 0 
             0 0 0 0 0 3.65862 0 0 0 0   ...  0 0 0 0 0 0 0 0 0 0 
             0 0 0 0 0 0 3.64428 0 0 0   ...  0 0 0 0 0 0 0 0 0 0 
             0 0 0 0 0 0 0 3.64649 0 0   ...  0 0 0 0 0 0 0 0 0 0 
             0 0 0 0 0 0 0 0 3.68215 0   ...  0 0 0 0 0 0 0 0 0 0 
             0 0 0 0 0 0 0 0 0 3.62881   ...  0 0 0 0 0 0 0 0 0 0 
               .
               .
               .
             0 0 0 0 0 0 0 0 0 0   ...  3.47538 -0.606459 0 0 0 0 0 0 0 0 
             0 0 0 0 0 0 0 0 0 0   ...  -0.606459 3.47012 0 0 0 0 0 -0.631601 0 0 
             0 0 0 0 0 0 0 0 0 0   ...  0 0 4.00173 0 -0.103713 -0.548055 0 0 0 0 
             0 0 0 0 0 0 0 0 0 0   ...  0 0 0 3.73379 -0.160474 0 0 0 0 -0.656978 
             0 0 0 0 0 0 0 0 0 0   ...  0 0 -0.103713 -0.160474 3.87912 -1.19553 0 0 0 0 
             0 0 0 0 0 0 0 0 0 0   ...  0 0 -0.548055 0 -1.19553 3.85125 -0.529747 0 0 0 
             0 0 0 0 0 0 0 0 0 0   ...  0 0 0 0 0 -0.529747 3.72226 0 -0.294992 0 
             0 0 0 0 0 0 0 0 0 0   ...  0 -0.631601 0 0 0 0 0 3.51964 -0.345642 -0.636669 
             0 0 0 0 0 0 0 0 0 0   ...  0 0 0 0 0 0 -0.294992 -0.345642 3.60894 -0.901844 
             0 0 0 0 0 0 0 0 0 0   ...  0 0 0 -0.656978 0 0 0 -0.636669 -0.901844 3.6229 

b(psi_44) = 
 0 -1.26634 -0.888339 -1.21125 -1.22526 -1.21876 -1.23156 -1.26234 -1.24741 -1.24724  ...  -0.0373135 0.137579 -0.421981 0.174759 -0.00558682 -0.0568806 0.131302 0.196792 0.19818 0.206301
A(psi_45) = 
             1 0 0 0 0 0 0 0 0 0   ...  0 0 0 0 0 0 0 0 0 0 
             0 3.77152 0 0 0 0 0 0 0 0   ...  0 0 0 0 0 0 0 0 0 0 
             0 0 2.10204 0 0 0 0 0 0 0   ...  0 0 0 0 0 0 0 0 0 0 
             0 0 0 3.06144 0 0 0 0 0 0   ...  0 0 0 0 0 0 0 0 0 0 
             0 0 0 0 3.64644 0 0 0 0 0   ...  0 0 0 0 0 0 0 0 0 0 
             0 0 0 0 0 3.65939 0 0 0 0   ...  0 0 0 0 0 0 0 0 0 0 
             0 0 0 0 0 0 3.64386 0 0 0   ...  0 0 0 0 0 0 0 0 0 0 
             0 0 0 0 0 0 0 3.64715 0 0   ...  0 0 0 0 0 0 0 0 0 0 
             0 0 0 0 0 0 0 0 3.6828 0   ...  0 0 0 0 0 0 0 0 0 0 
             0 0 0 0 0 0 0 0 0 3.62768   ...  0 0 0 0 0 0 0 0 0 0 
               .
               .
               .
             0 0 0 0 0 0 0 0 0 0   ...  3.47606 -0.601734 0 0 0 0 0 0 0 0 
             0 0 0 0 0 0 0 0 0 0   ...  -0.601734 3.47051 0 0 0 0 0 -0.635837 0 0 
             0 0 0 0 0 0 0 0 0 0   ...  0 0 4.02897 0 -0.0949785 -0.546551 0 0 0 0 
             0 0 0 0 0 0 0 0 0 0   ...  0 0 0 3.7496 -0.15084 0 0 0 0 -0.660083 
             0 0 0 0 0 0 0 0 0 0   ...  0 0 -0.0949785 -0.15084 3.90206 -1.21805 0 0 0 0 
             0 0 0 0 0 0 0 0 0 0   ...  0 0 -0.546551 0 -1.21805 3.87539 -0.525953 0 0 0 
             0 0 0 0 0 0 0 0 0 0   ...  0 0 0 0 0 -0.525953 3.73838 0 -0.290225 0 
             0 0 0 0 0 0 0 0 0 0   ...  0 -0.635837 0 0 0 0 0 3.52145 -0.34199 -0.640231 
             0 0 0 0 0 0 0 0 0 0   ...  0 0 0 0 0 0 -0.290225 -0.34199 3.61619 -0.910079 
             0 0 0 0 0 0 0 0 0 0   ...  0 0 0 -0.660083 0 0 0 -0.640231 -0.910079 3.63132 

b(psi_45) = 
 0 -1.22345 -0.233531 -1.08605 -1.18314 -1.17697 -1.18849 -1.22031 -1.20451 -1.20386  ...  -0.0444922 0.129592 -0.418043 0.173157 -0.00826664 -0.0614612 0.125441 0.189769 0.192196 0.202191
A(psi_46) = 
             1 0 0 0 0 0 0 0 0 0   ...  0 0 0 0 0 0 0 0 0 0 
             0 3.77783 0 0 0 0 0 0 0 0   ...  0 0 0 0 0 0 0 0 0 0 
             0 0 3.09416 0 0 0 0 0 0 0   ...  0 0 0 0 0 0 0 0 0 0 
             0 0 0 2.92845 0 0 0 0 0 0   ...  0 0 0 0 0 0 0 0 0 0 
             0 0 0 0 3.54731 0 0 0 0 0   ...  0 0 0 0 0 0 0 0 0 0 
             0 0 0 0 0 3.66002 0 0 0 0   ...  0 0 0 0 0 0 0 0 0 0 
             0 0 0 0 0 0 3.64483 0 0 0   ...  0 0 0 0 0 0 0 0 0 0 
             0 0 0 0 0 0 0 3.64791 0 0   ...  0 0 0 0 0 0 0 0 0 0 
             0 0 0 0 0 0 0 0 3.68323 0   ...  0 0 0 0 0 0 0 0 0 0 
             0 0 0 0 0 0 0 0 0 3.62717   ...  0 0 0 0 0 0 0 0 0 0 
               .
               .
               .
             0 0 0 0 0 0 0 0 0 0   ...  3.47671 -0.596964 0 0 0 0 0 0 0 0 
             0 0 0 0 0 0 0 0 0 0   ...  -0.596964 3.47096 0 0 0 0 0 -0.64007 0 0 
             0 0 0 0 0 0 0 0 0 0   ...  0 0 4.05595 0 -0.0868494 -0.544776 0 0 0 0 
             0 0 0 0 0 0 0 0 0 0   ...  0 0 0 3.76518 -0.141726 0 0 0 0 -0.662901 
             0 0 0 0 0 0 0 0 0 0   ...  0 0 -0.0868494 -0.141726 3.92493 -1.24032 0 0 0 0 
             0 0 0 0 0 0 0 0 0 0   ...  0 0 -0.544776 0 -1.24032 3.89965 -0.522102 0 0 0 
             0 0 0 0 0 0 0 0 0 0   ...  0 0 0 0 0 -0.522102 3.75461 0 -0.285739 0 
             0 0 0 0 0 0 0 0 0 0   ...  0 -0.64007 0 0 0 0 0 3.52316 -0.338615 -0.643687 
             0 0 0 0 0 0 0 0 0 0   ...  0 0 0 0 0 0 -0.285739 -0.338615 3.62332 -0.918016 
             0 0 0 0 0 0 0 0 0 0   ...  0 0 0 -0.662901 0 0 0 -0.643687 -0.918016 3.63951 

b(psi_46) = 
 0 -1.1846 -0.0677722 -0.879072 -1.13931 -1.13901 -1.14947 -1.18208 -1.1654 -1.16431  ...  -0.0537381 0.119209 -0.415945 0.169173 -0.0130622 -0.0678816 0.117501 0.18021 0.1838 0.195601
A(psi_47) = 
             1 0 0 0 0 0 0 0 0 0   ...  0 0 0 0 0 0 0 0 0 0 
             0 3.78399 0 0 0 0 0 0 0 0   ...  0 0 0 0 0 0 0 0 0 0 
             0 0 2.05634 0 0 0 0 0 0 0   ...  0 0 0 0 0 0 0 0 0 0 
             0 0 0 2.11148 0 0 0 0 0 0   ...  0 0 0 0 0 0 0 0 0 0 
             0 0 0 0 3.57746 0 0 0 0 0   ...  0 0 0 0 0 0 0 0 0 0 
             0 0 0 0 0 3.66053 0 0 0 0   ...  0 0 0 0 0 0 0 0 0 0 
             0 0 0 0 0 0 3.64259 0 0 0   ...  0 0 0 0 0 0 0 0 0 0 
             0 0 0 0 0 0 0 3.64875 0 0   ...  0 0 0 0 0 0 0 0 0 0 
             0 0 0 0 0 0 0 0 3.68339 0   ...  0 0 0 0 0 0 0 0 0 0 
             0 0 0 0 0 0 0 0 0 3.62573   ...  0 0 0 0 0 0 0 0 0 0 
               .
               .
               .
             0 0 0 0 0 0 0 0 0 0   ...  3.47743 -0.592249 0 0 0 0 0 0 0 0 
             0 0 0 0 0 0 0 0 0 0   ...  -0.592249 3.47166 0 0 0 0 0 -0.644278 0 0 
             0 0 0 0 0 0 0 0 0 0   ...  0 0 4.08265 0 -0.079297 -0.542749 0 0 0 0 
             0 0 0 0 0 0 0 0 0 0   ...  0 0 0 3.78045 -0.133196 0 0 0 0 -0.665394 
             0 0 0 0 0 0 0 0 0 0   ...  0 0 -0.079297 -0.133196 3.94737 -1.26217 0 0 0 0 
             0 0 0 0 0 0 0 0 0 0   ...  0 0 -0.542749 0 -1.26217 3.92383 -0.518181 0 0 0 
             0 0 0 0 0 0 0 0 0 0   ...  0 0 0 0 0 -0.518181 3.77092 0 -0.28155 0 
             0 0 0 0 0 0 0 0 0 0   ...  0 -0.644278 0 0 0 0 0 3.52477 -0.33554 -0.646981 
             0 0 0 0 0 0 0 0 0 0   ...  0 0 0 0 0 0 -0.28155 -0.33554 3.63024 -0.925625 
             0 0 0 0 0 0 0 0 0 0   ...  0 0 0 -0.665394 0 0 0 -0.646981 -0.925625 3.64741 

b(psi_47) = 
 0 -1.14952 0.156353 -0.503229 -1.09019 -1.10488 -1.11421 -1.14765 -1.13008 -1.12848  ...  -0.0650952 0.106559 -0.415929 0.16274 -0.0200077 -0.0762451 0.107377 0.168112 0.172968 0.186476
A(psi_48) = 
             1 0 0 0 0 0 0 0 0 0   ...  0 0 0 0 0 0 0 0 0 0 
             0 3.78941 0 0 0 0 0 0 0 0   ...  0 0 0 0 0 0 0 0 0 0 
             0 0 3.16038 0 0 0 0 0 0 0   ...  0 0 0 0 0 0 0 0 0 0 
             0 0 0 2.48508 0 0 0 0 0 0   ...  0 0 0 0 0 0 0 0 0 0 
             0 0 0 0 2.43494 0 0 0 0 0   ...  0 0 0 0 0 0 0 0 0 0 
             0 0 0 0 0 3.6609 0 0 0 0   ...  0 0 0 0 0 0 0 0 0 0 
             0 0 0 0 0 0 3.64787 0 0 0   ...  0 0 0 0 0 0 0 0 0 0 
             0 0 0 0 0 0 0 3.64976 0 0   ...  0 0 0 0 0 0 0 0 0 0 
             0 0 0 0 0 0 0 0 3.68345 0   ...  0 0 0 0 0 0 0 0 0 0 
             0 0 0 0 0 0 0 0 0 3.62574   ...  0 0 0 0 0 0 0 0 0 0 
               .
               .
               .
             0 0 0 0 0 0 0 0 0 0   ...  3.4782 -0.587595 0 0 0 0 0 0 0 0 
             0 0 0 0 0 0 0 0 0 0   ...  -0.587595 3.47224 0 0 0 0 0 -0.648391 0 0 
             0 0 0 0 0 0 0 0 0 0   ...  0 0 4.10877 0 -0.0723084 -0.540531 0 0 0 0 
             0 0 0 0 0 0 0 0 0 0   ...  0 0 0 3.79541 -0.125168 0 0 0 0 -0.667539 
             0 0 0 0 0 0 0 0 0 0   ...  0 0 -0.0723084 -0.125168 3.96959 -1.28378 0 0 0 0 
             0 0 0 0 0 0 0 0 0 0   ...  0 0 -0.540531 0 -1.28378 3.94816 -0.514171 0 0 0 
             0 0 0 0 0 0 0 0 0 0   ...  0 0 0 0 0 -0.514171 3.78728 0 -0.277596 0 
             0 0 0 0 0 0 0 0 0 0   ...  0 -0.648391 0 0 0 0 0 3.52634 -0.332694 -0.650102 
             0 0 0 0 0 0 0 0 0 0   ...  0 0 0 0 0 0 -0.277596 -0.332694 3.63703 -0.932995 
             0 0 0 0 0 0 0 0 0 0   ...  0 0 0 -0.667539 0 0 0 -0.650102 -0.932995 3.65507 

b(psi_48) = 
 0 -1.1224 0.100014 -0.0891191 -0.896557 -1.07891 -1.08756 -1.12134 -1.10293 -1.10079  ...  -0.0828828 0.0871741 -0.422255 0.149475 -0.033413 -0.0908866 0.0907299 0.149145 0.155324 0.170434
A(psi_49) = 
             1 0 0 0 0 0 0 0 0 0   ...  0 0 0 0 0 0 0 0 0 0 
             0 3.79441 0 0 0 0 0 0 0 0   ...  0 0 0 0 0 0 0 0 0 0 
             0 0 1.69916 0 0 0 0 0 0 0   ...  0 0 0 0 0 0 0 0 0 0 
             0 0 0 2.02125 0 0 0 0 0 0   ...  0 0 0 0 0 0 0 0 0 0 
             0 0 0 0 2.31619 0 0 0 0 0   ...  0 0 0 0 0 0 0 0 0 0 
             0 0 0 0 0 3.66116 0 0 0 0   ...  0 0 0 0 0 0 0 0 0 0 
             0 0 0 0 0 0 3.63371 0 0 0   ...  0 0 0 0 0 0 0 0 0 0 
             0 0 0 0 0 0 0 3.65095 0 0   ...  0 0 0 0 0 0 0 0 0 0 
             0 0 0 0 0 0 0 0 3.68334 0   ...  0 0 0 0 0 0 0 0 0 0 
             0 0 0 0 0 0 0 0 0 3.62102   ...  0 0 0 0 0 0 0 0 0 0 
               .
               .
               .
             0 0 0 0 0 0 0 0 0 0   ...  3.47902 -0.583143 0 0 0 0 0 0 0 0 
             0 0 0 0 0 0 0 0 0 0   ...  -0.583143 3.47301 0 0 0 0 0 -0.652435 0 0 
             0 0 0 0 0 0 0 0 0 0   ...  0 0 4.13407 0 -0.0659685 -0.538056 0 0 0 0 
             0 0 0 0 0 0 0 0 0 0   ...  0 0 0 3.80993 -0.117737 0 0 0 0 -0.669319 
             0 0 0 0 0 0 0 0 0 0   ...  0 0 -0.0659685 -0.117737 3.99119 -1.30487 0 0 0 0 
             0 0 0 0 0 0 0 0 0 0   ...  0 0 -0.538056 0 -1.30487 3.9723 -0.510119 0 0 0 
             0 0 0 0 0 0 0 0 0 0   ...  0 0 0 0 0 -0.510119 3.80367 0 -0.273927 0 
             0 0 0 0 0 0 0 0 0 0   ...  0 -0.652435 0 0 0 0 0 3.52776 -0.330107 -0.652987 
             0 0 0 0 0 0 0 0 0 0   ...  0 0 0 0 0 0 -0.273927 -0.330107 3.64367 -0.940085 
             0 0 0 0 0 0 0 0 0 0   ...  0 0 0 -0.669319 0 0 0 -0.652987 -0.940085 3.66239 

b(psi_49) = 
 0 -1.10837 0.219028 0.0035781 -0.341144 -1.06591 -1.07295 -1.10789 -1.08876 -1.08586  ...  -0.112545 0.055503 -0.440056 0.123817 -0.0586479 -0.11718 0.0620177 0.117644 0.125277 0.141859
A(psi_50) = 
             1 0 0 0 0 0 0 0 0 0   ...  0 0 0 0 0 0 0 0 0 0 
             0 3.79984 0 0 0 0 0 0 0 0   ...  0 0 0 0 0 0 0 0 0 0 
             0 0 3.72988 0 0 0 0 0 0 0   ...  0 0 0 0 0 0 0 0 0 0 
             0 0 0 2.66954 0 0 0 0 0 0   ...  0 0 0 0 0 0 0 0 0 0 
             0 0 0 0 1.96067 0 0 0 0 0   ...  0 0 0 0 0 0 0 0 0 0 
             0 0 0 0 0 3.66115 0 0 0 0   ...  0 0 0 0 0 0 0 0 0 0 
             0 0 0 0 0 0 3.6979 0 0 0   ...  0 0 0 0 0 0 0 0 0 0 
             0 0 0 0 0 0 0 3.65232 0 0   ...  0 0 0 0 0 0 0 0 0 0 
             0 0 0 0 0 0 0 0 3.68304 0   ...  0 0 0 0 0 0 0 0 0 0 
             0 0 0 0 0 0 0 0 0 3.64124   ...  0 0 0 0 0 0 0 0 0 0 
               .
               .
               .
             0 0 0 0 0 0 0 0 0 0   ...  3.47983 -0.578713 0 0 0 0 0 0 0 0 
             0 0 0 0 0 0 0 0 0 0   ...  -0.578713 3.47341 0 0 0 0 0 -0.656346 0 0 
             0 0 0 0 0 0 0 0 0 0   ...  0 0 4.15825 0 -0.060383 -0.535258 0 0 0 0 
             0 0 0 0 0 0 0 0 0 0   ...  0 0 0 3.82355 -0.110985 0 0 0 0 -0.670675 
             0 0 0 0 0 0 0 0 0 0   ...  0 0 -0.060383 -0.110985 4.01188 -1.32505 0 0 0 0 
             0 0 0 0 0 0 0 0 0 0   ...  0 0 -0.535258 0 -1.32505 3.99569 -0.506026 0 0 0 
             0 0 0 0 0 0 0 0 0 0   ...  0 0 0 0 0 -0.506026 3.8196 0 -0.270617 0 
             0 0 0 0 0 0 0 0 0 0   ...  0 -0.656346 0 0 0 0 0 3.52907 -0.327861 -0.655644 
             0 0 0 0 0 0 0 0 0 0   ...  0 0 0 0 0 0 -0.270617 -0.327861 3.64985 -0.946649 
             0 0 0 0 0 0 0 0 0 0   ...  0 0 0 -0.670675 0 0 0 -0.655644 -0.946649 3.66915 

b(psi_50) = 
 0 -1.11392 0.0265369 0.120141 0.159484 -1.07235 -1.07637 -1.11379 -1.09399 -1.09053  ...  -0.159172 0.00644179 -0.474947 0.0809742 -0.100753 -0.160171 0.0164681 0.0688365 0.0781137 0.0959813
A(psi_51) = 
             1 0 0 0 0 0 0 0 0 0   ...  0 0 0 0 0 0 0 0 0 0 
             0 3.80377 0 0 0 0 0 0 0 0   ...  0 0 0 0 0 0 0 0 0 0 
             0 0 1.57961 0 0 0 0 0 0 0   ...  0 0 0 0 0 0 0 0 0 0 
             0 0 0 1.9774 0 0 0 0 0 0   ...  0 0 0 0 0 0 0 0 0 0 
             0 0 0 0 3.62346 0 0 0 0 0   ...  0 0 0 0 0 0 0 0 0 0 
             0 0 0 0 0 3.66093 0 0 0 0   ...  0 0 0 0 0 0 0 0 0 0 
             0 0 0 0 0 0 3.64026 0 0 0   ...  0 0 0 0 0 0 0 0 0 0 
             0 0 0 0 0 0 0 3.65392 0 0   ...  0 0 0 0 0 0 0 0 0 0 
             0 0 0 0 0 0 0 0 3.68234 0   ...  0 0 0 0 0 0 0 0 0 0 
             0 0 0 0 0 0 0 0 0 3.67136   ...  0 0 0 0 0 0 0 0 0 0 
               .
               .
               .
             0 0 0 0 0 0 0 0 0 0   ...  3.48035 -0.574515 0 0 0 0 0 0 0 0 
             0 0 0 0 0 0 0 0 0 0   ...  -0.574515 3.47418 0 0 0 0 0 -0.660118 0 0 
             0 0 0 0 0 0 0 0 0 0   ...  0 0 4.18105 0 -0.0555848 -0.532366 0 0 0 0 
             0 0 0 0 0 0 0 0 0 0   ...  0 0 0 3.83586 -0.105165 0 0 0 0 -0.671565 
             0 0 0 0 0 0 0 0 0 0   ...  0 0 -0.0555848 -0.105165 4.03067 -1.34373 0 0 0 0 
             0 0 0 0 0 0 0 0 0 0   ...  0 0 -0.532366 0 -1.34373 4.0177 -0.501901 0 0 0 
             0 0 0 0 0 0 0 0 0 0   ...  0 0 0 0 0 -0.501901 3.83467 0 -0.267807 0 
             0 0 0 0 0 0 0 0 0 0   ...  0 -0.660118 0 0 0 0 0 3.52981 -0.326076 -0.657901 
             0 0 0 0 0 0 0 0 0 0   ...  0 0 0 0 0 0 -0.267807 -0.326076 3.65539 -0.95247 
             0 0 0 0 0 0 0 0 0 0   ...  0 0 0 -0.671565 0 0 0 -0.657901 -0.95247 3.67504 

b(psi_51) = 
 0 -1.16134 1.10714 -0.0271299 -0.0710196 -1.12109 -1.08278 -1.16173 -1.14138 -1.13233  ...  -0.248614 -0.0862767 -0.551598 -0.00531335 -0.185348 -0.245382 -0.0720091 -0.0237506 -0.0124326 0.00642814
A(psi_52) = 
             1 0 0 0 0 0 0 0 0 0   ...  0 0 0 0 0 0 0 0 0 0 
             0 3.80627 0 0 0 0 0 0 0 0   ...  0 0 0 0 0 0 0 0 0 0 
             0 0 3.09551 0 0 0 0 0 0 0   ...  0 0 0 0 0 0 0 0 0 0 
             0 0 0 3.16493 0 0 0 0 0 0   ...  0 0 0 0 0 0 0 0 0 0 
             0 0 0 0 1.83444 0 0 0 0 0   ...  0 0 0 0 0 0 0 0 0 0 
             0 0 0 0 0 3.66033 0 0 0 0   ...  0 0 0 0 0 0 0 0 0 0 
             0 0 0 0 0 0 5.15363 0 0 0   ...  0 0 0 0 0 0 0 0 0 0 
             0 0 0 0 0 0 0 3.65563 0 0   ...  0 0 0 0 0 0 0 0 0 0 
             0 0 0 0 0 0 0 0 3.68154 0   ...  0 0 0 0 0 0 0 0 0 0 
             0 0 0 0 0 0 0 0 0 4.35836   ...  0 0 0 0 0 0 0 0 0 0 
               .
               .
               .
             0 0 0 0 0 0 0 0 0 0   ...  3.48103 -0.570339 0 0 0 0 0 0 0 0 
             0 0 0 0 0 0 0 0 0 0   ...  -0.570339 3.47444 0 0 0 0 0 -0.663651 0 0 
             0 0 0 0 0 0 0 0 0 0   ...  0 0 4.2003 0 -0.0521247 -0.529302 0 0 0 0 
             0 0 0 0 0 0 0 0 0 0   ...  0 0 0 3.8455 -0.100752 0 0 0 0 -0.671688 
             0 0 0 0 0 0 0 0 0 0   ...  0 0 -0.0521247 -0.100752 4.04593 -1.35962 0 0 0 0 
             0 0 0 0 0 0 0 0 0 0   ...  0 0 -0.529302 0 -1.35962 4.03662 -0.497719 0 0 0 
             0 0 0 0 0 0 0 0 0 0   ...  0 0 0 0 0 -0.497719 3.84748 0 -0.265816 0 
             0 0 0 0 0 0 0 0 0 0   ...  0 -0.663651 0 0 0 0 0 3.53036 -0.325041 -0.659725 
             0 0 0 0 0 0 0 0 0 0   ...  0 0 0 0 0 0 -0.265816 -0.325041 3.65951 -0.956875 
             0 0 0 0 0 0 0 0 0 0   ...  0 0 0 -0.671688 0 0 0 -0.659725 -0.956875 3.67932 

b(psi_52) = 
 0 -1.39088 6.93015 -0.187498 -0.117578 -1.35206 -1.09601 -1.39173 -1.37088 -1.32856  ...  -0.516191 -0.357162 -0.806154 -0.268382 -0.446502 -0.507234 -0.336978 -0.293659 -0.279815 -0.260226
A(psi_53) = 
             1 0 0 0 0 0 0 0 0 0   ...  0 0 0 0 0 0 0 0 0 0 
             0 3.80429 0 0 0 0 0 0 0 0   ...  0 0 0 0 0 0 0 0 0 0 
             0 0 3.05149 0 0 0 0 0 0 0   ...  0 0 0 0 0 0 0 0 0 0 
             0 0 0 2.1523 0 0 0 0 0 0   ...  0 0 0 0 0 0 0 0 0 0 
             0 0 0 0 5.08126 0 0 0 0 0   ...  0 0 0 0 0 0 0 0 0 0 
             0 0 0 0 0 3.6594 0 0 0 0   ...  0 0 0 0 0 0 0 0 0 0 
             0 0 0 0 0 0 6.73288 0 0 0   ...  0 0 0 0 0 0 0 0 0 0 
             0 0 0 0 0 0 0 3.65699 0 0   ...  0 0 0 0 0 0 0 0 0 0 
             0 0 0 0 0 0 0 0 3.67958 0   ...  0 0 0 0 0 0 0 0 0 0 
             0 0 0 0 0 0 0 0 0 6.11014   ...  0 0 0 0 0 0 0 0 0 0 
               .
               .
               .
             0 0 0 0 0 0 0 0 0 0   ...  3.48148 -0.567235 0 0 0 0 0 0 0 0 
             0 0 0 0 0 0 0 0 0 0   ...  -0.567235 3.4754 0 0 0 0 0 -0.666412 0 0 
             0 0 0 0 0 0 0 0 0 0   ...  0 0 4.2084 0 -0.0518538 -0.525753 0 0 0 0 
             0 0 0 0 0 0 0 0 0 0   ...  0 0 0 3.84784 -0.0997563 0 0 0 0 -0.670511 
             0 0 0 0 0 0 0 0 0 0   ...  0 0 -0.0518538 -0.0997563 4.05065 -1.36714 0 0 0 0 
             0 0 0 0 0 0 0 0 0 0   ...  0 0 -0.525753 0 -1.36714 4.04552 -0.493624 0 0 0 
             0 0 0 0 0 0 0 0 0 0   ...  0 0 0 0 0 -0.493624 3.85307 0 -0.265781 0 
             0 0 0 0 0 0 0 0 0 0   ...  0 -0.666412 0 0 0 0 0 3.52829 -0.325547 -0.659973 
             0 0 0 0 0 0 0 0 0 0   ...  0 0 0 0 0 0 -0.265781 -0.325547 3.66001 -0.957608 
             0 0 0 0 0 0 0 0 0 0   ...  0 0 0 -0.670511 0 0 0 -0.659973 -0.957608 3.67921 

b(psi_53) = 
 0 -6.30819 199.67 -5.02776 -1.44629 -6.27122 -5.24127 -6.30954 -6.28819 -6.0136  ...  -5.46257 -5.30555 -5.73779 -5.20437 -5.3802 -5.44251 -5.2747 -5.23999 -5.22093 -5.20141
A(psi_54) = 
             1 0 0 0 0 0 0 0 0 0   ...  0 0 0 0 0 0 0 0 0 0 
             0 3.74229 0 0 0 0 0 0 0 0   ...  0 0 0 0 0 0 0 0 0 0 
             0 0 2.41534 0 0 0 0 0 0 0   ...  0 0 0 0 0 0 0 0 0 0 
             0 0 0 2.15621 0 0 0 0 0 0   ...  0 0 0 0 0 0 0 0 0 0 
             0 0 0 0 3.76571 0 0 0 0 0   ...  0 0 0 0 0 0 0 0 0 0 
             0 0 0 0 0 3.72903 0 0 0 0   ...  0 0 0 0 0 0 0 0 0 0 
             0 0 0 0 0 0 7.16824 0 0 0   ...  0 0 0 0 0 0 0 0 0 0 
             0 0 0 0 0 0 0 3.66315 0 0   ...  0 0 0 0 0 0 0 0 0 0 
             0 0 0 0 0 0 0 0 3.75857 0   ...  0 0 0 0 0 0 0 0 0 0 
             0 0 0 0 0 0 0 0 0 16.7738   ...  0 0 0 0 0 0 0 0 0 0 
               .
               .
               .
             0 0 0 0 0 0 0 0 0 0   ...  3.49651 -0.59382 0 0 0 0 0 0 0 0 
             0 0 0 0 0 0 0 0 0 0   ...  -0.59382 3.46915 0 0 0 0 0 -0.652838 0 0 
             0 0 0 0 0 0 0 0 0 0   ...  0 0 4.03183 0 -0.110656 -0.511033 0 0 0 0 
             0 0 0 0 0 0 0 0 0 0   ...  0 0 0 3.72523 -0.161207 0 0 0 0 -0.645253 
             0 0 0 0 0 0 0 0 0 0   ...  0 0 -0.110656 -0.161207 3.87345 -1.23022 0 0 0 0 
             0 0 0 0 0 0 0 0 0 0   ...  0 0 -0.511033 0 -1.23022 3.87862 -0.486764 0 0 0 
             0 0 0 0 0 0 0 0 0 0   ...  0 0 0 0 0 -0.486764 3.732 0 -0.300056 0 
             0 0 0 0 0 0 0 0 0 0   ...  0 -0.652838 0 0 0 0 0 3.5086 -0.34722 -0.637678 
             0 0 0 0 0 0 0 0 0 0   ...  0 0 0 0 0 0 -0.300056 -0.34722 3.60313 -0.901919 
             0 0 0 0 0 0 0 0 0 0   ...  0 0 0 -0.645253 0 0 0 -0.637678 -0.901919 3.61437 

b(psi_54) = 
 0 -25632.7 1.18597e+06 -25579.3 -22544.5 -25632.7 -25565 -25632.7 -25632.7 -25631.5  ...  -25631.8 -25631.6 -25632 -25631.4 -25631.6 -25631.6 -25631.5 -25631.5 -25631.5 -25631.4
