psi values:
psi1 = 
 2.50486e-09 -1.49153 1.0237 0.549005 0.301482 -1.11921 -0.0328474 -0.245239 -1.0233 -0.917257  ...  -1.13754 -1.10925 -1.62893 -1.62248 -1.66957 -1.61532 -1.55935 -1.30795 -1.47307 -1.48759
psi2 = 
 -1.45146e-12 -1.46986 1.00869 0.538073 0.296229 -1.09718 -0.0281803 -0.245619 -1.00348 -0.904625  ...  -1.11899 -1.09527 -1.59827 -1.59597 -1.6337 -1.58552 -1.52634 -1.29013 -1.44522 -1.46556
psi3 = 
 -6.12815e-20 -1.4474 0.993153 0.526484 0.290459 -1.07544 -0.0241093 -0.245217 -0.984116 -0.892115  ...  -1.10077 -1.08101 -1.56755 -1.56886 -1.59842 -1.55537 -1.49387 -1.2719 -1.41763 -1.44306
psi4 = 
 -5.84341e-12 -1.4246 0.977215 0.514194 0.284336 -1.05396 -0.0211065 -0.244474 -0.96549 -0.879896  ...  -1.08305 -1.06669 -1.53702 -1.54149 -1.56396 -1.52519 -1.46208 -1.25349 -1.39047 -1.42031
psi5 = 
 5.58575e-14 -1.40175 0.96127 0.501492 0.278091 -1.0327 -0.0186063 -0.243303 -0.947714 -0.868075  ...  -1.06603 -1.05256 -1.50693 -1.51422 -1.53057 -1.49539 -1.43142 -1.23519 -1.36413 -1.39768
psi6 = 
 -1.56012e-09 -1.37879 0.945285 0.489025 0.271624 -1.01191 -0.0162996 -0.241472 -0.930131 -0.856289  ...  -1.04912 -1.03812 -1.47743 -1.4869 -1.49811 -1.46584 -1.40157 -1.21661 -1.33818 -1.37487
psi7 = 
 4.69781e-22 -1.35582 0.929011 0.476613 0.264948 -0.99169 -0.0142426 -0.239151 -0.91288 -0.844617  ...  -1.03241 -1.02353 -1.44834 -1.45968 -1.46658 -1.4366 -1.37237 -1.19787 -1.31269 -1.35199
psi8 = 
 7.33116e-10 -1.333 0.912356 0.464138 0.258186 -0.971805 -0.0127228 -0.236779 -0.896363 -0.833164  ...  -1.01626 -1.00916 -1.41988 -1.43285 -1.43613 -1.40799 -1.34428 -1.17936 -1.28802 -1.3294
psi9 = 
 2.7526e-10 -1.31103 0.895962 0.451633 0.250824 -0.952659 -0.0115901 -0.234371 -0.880769 -0.822383  ...  -1.00088 -0.99531 -1.39295 -1.40696 -1.40736 -1.38059 -1.31755 -1.16143 -1.26448 -1.30751
psi10 = 
 -1.00855e-11 -1.28964 0.879953 0.439173 0.243234 -0.933937 -0.0105929 -0.232069 -0.86633 -0.812145  ...  -0.986513 -0.982182 -1.36708 -1.38201 -1.38009 -1.3544 -1.29242 -1.14425 -1.24224 -1.28644
psi11 = 
 -4.9091e-16 -1.26878 0.864535 0.42712 0.23611 -0.915773 -0.00929433 -0.229451 -0.852437 -0.802255  ...  -0.972658 -0.969391 -1.3421 -1.35783 -1.35405 -1.32913 -1.26838 -1.12752 -1.2209 -1.26591
psi12 = 
 -5.99913e-12 -1.24825 0.849564 0.41567 0.229408 -0.898216 -0.00727858 -0.225852 -0.838416 -0.792447  ...  -0.95878 -0.956495 -1.31804 -1.33411 -1.32896 -1.30448 -1.24494 -1.11081 -1.20001 -1.24558
psi13 = 
 -4.16538e-22 -1.22785 0.834536 0.404328 0.222746 -0.881182 -0.00524115 -0.221705 -0.824713 -0.782936  ...  -0.945208 -0.9438 -1.29446 -1.3109 -1.3047 -1.28045 -1.22224 -1.09436 -1.17972 -1.2256
psi14 = 
 -9.20472e-14 -1.20739 0.819924 0.393784 0.216348 -0.864292 -0.00270132 -0.216976 -0.810716 -0.773125  ...  -0.9313 -0.930669 -1.27099 -1.28774 -1.28083 -1.2566 -1.1998 -1.07759 -1.15948 -1.20543
psi15 = 
 -1.66874e-10 -1.18766 0.805748 0.383297 0.209959 -0.847979 -3.5715e-05 -0.211823 -0.797425 -0.763884  ...  -0.918105 -0.918168 -1.24881 -1.26562 -1.25824 -1.23386 -1.17849 -1.06154 -1.14026 -1.18609
psi16 = 
 -5.87074e-10 -1.16833 0.792038 0.373015 0.203813 -0.832039 0.00261604 -0.206518 -0.78465 -0.754956  ...  -0.905337 -0.905998 -1.22739 -1.2442 -1.23658 -1.21206 -1.15815 -1.04593 -1.12182 -1.16728
psi17 = 
 -1.0382e-09 -1.1493 0.778927 0.363377 0.19858 -0.816152 0.00501485 -0.201766 -0.772291 -0.745859  ...  -0.892801 -0.893934 -1.2064 -1.22322 -1.21558 -1.19086 -1.13843 -1.03053 -1.10387 -1.14877
psi18 = 
 -4.01164e-10 -1.13058 0.765946 0.354041 0.193583 -0.800599 0.00720493 -0.196757 -0.760109 -0.736922  ...  -0.88041 -0.881973 -1.18607 -1.20277 -1.19526 -1.17024 -1.11928 -1.01536 -1.08638 -1.1306
psi19 = 
 -5.54564e-11 -1.11207 0.752819 0.344714 0.188665 -0.785323 0.00892909 -0.191456 -0.748115 -0.728155  ...  -0.868139 -0.87011 -1.1663 -1.18278 -1.1755 -1.15015 -1.10065 -1.00039 -1.06928 -1.11273
psi20 = 
 -5.65597e-12 -1.09417 0.739934 0.335347 0.183935 -0.770619 0.0103428 -0.186377 -0.736926 -0.719865  ...  -0.856614 -0.858913 -1.14726 -1.16374 -1.15676 -1.1311 -1.08308 -0.986177 -1.05315 -1.09569
psi21 = 
 9.46529e-11 -1.07654 0.726913 0.325716 0.179224 -0.756234 0.0115016 -0.180851 -0.726189 -0.711927  ...  -0.845435 -0.848038 -1.12872 -1.14528 -1.13864 -1.11263 -1.06604 -0.972348 -1.0375 -1.07911
psi22 = 
 2.02394e-10 -1.05848 0.714575 0.317012 0.175666 -0.741303 0.0131543 -0.174601 -0.714894 -0.703207  ...  -0.833575 -0.836434 -1.11014 -1.12643 -1.12023 -1.09388 -1.04865 -0.957903 -1.02141 -1.06201
psi23 = 
 1.62394e-19 -1.04041 0.702051 0.308392 0.171787 -0.726793 0.0147254 -0.168209 -0.703784 -0.694587  ...  -0.821814 -0.824879 -1.09149 -1.10784 -1.10204 -1.07536 -1.03156 -0.943585 -1.00556 -1.04511
psi24 = 
 7.03505e-19 -1.0233 0.690224 0.300146 0.168504 -0.712486 0.0160621 -0.162618 -0.693939 -0.685976  ...  -0.810928 -0.81397 -1.07394 -1.09023 -1.085 -1.0582 -1.01585 -0.93003 -0.990804 -1.02907
psi25 = 
 7.02464e-12 -1.00615 0.678385 0.291967 0.165573 -0.698287 0.0165133 -0.156939 -0.684289 -0.677271  ...  -0.800107 -0.803087 -1.05682 -1.07282 -1.06819 -1.04137 -1.00039 -0.916593 -0.976245 -1.0132
psi26 = 
 -2.21471e-09 -0.988887 0.665846 0.283589 0.16237 -0.684501 0.0157578 -0.151463 -0.674685 -0.668717  ...  -0.789222 -0.792141 -1.03957 -1.05553 -1.0514 -1.02445 -0.984843 -0.903144 -0.96166 -0.997366
psi27 = 
 2.20515e-11 -0.971891 0.653216 0.275211 0.159152 -0.671131 0.0147358 -0.145623 -0.665262 -0.660344  ...  -0.778433 -0.781275 -1.02251 -1.03863 -1.03497 -1.00786 -0.9696 -0.889879 -0.947339 -0.981826
psi28 = 
 3.92835e-10 -0.95541 0.640433 0.266511 0.155942 -0.658287 0.0130805 -0.140103 -0.656709 -0.652416  ...  -0.768404 -0.771094 -1.00629 -1.02255 -1.0194 -0.992273 -0.955389 -0.877373 -0.933907 -0.967107
psi29 = 
 4.41149e-15 -0.939406 0.627786 0.257741 0.152237 -0.646359 0.0115444 -0.134188 -0.648385 -0.644963  ...  -0.758668 -0.761213 -0.990921 -1.00719 -1.00451 -0.977361 -0.941705 -0.865297 -0.92098 -0.952967
psi30 = 
 -3.1563e-09 -0.923409 0.614954 0.248753 0.148269 -0.634698 0.00945202 -0.127964 -0.640182 -0.637673  ...  -0.748998 -0.751395 -0.975404 -0.992001 -0.989722 -0.962515 -0.928139 -0.853344 -0.908185 -0.938991
psi31 = 
 1.18844e-12 -0.907498 0.60193 0.239778 0.144526 -0.622906 0.00655608 -0.122239 -0.632556 -0.63018  ...  -0.739599 -0.741712 -0.960054 -0.977016 -0.975142 -0.947944 -0.914929 -0.841557 -0.895658 -0.925212
psi32 = 
 -4.05887e-09 -0.892003 0.588641 0.230534 0.14045 -0.611567 0.00246027 -0.117102 -0.6257 -0.622869  ...  -0.730708 -0.732434 -0.945376 -0.962611 -0.961145 -0.934046 -0.902407 -0.830241 -0.883703 -0.911966
psi33 = 
 -5.21402e-16 -0.876918 0.575536 0.221126 0.135731 -0.601158 -0.00169032 -0.111762 -0.619192 -0.615992  ...  -0.722167 -0.723516 -0.931315 -0.948823 -0.947743 -0.920869 -0.890428 -0.819403 -0.872263 -0.899295
psi34 = 
 2.03766e-22 -0.861964 0.56271 0.211481 0.130421 -0.591375 -0.00579833 -0.106134 -0.613021 -0.60956  ...  -0.713955 -0.714931 -0.917318 -0.935418 -0.934605 -0.907827 -0.878693 -0.808916 -0.861135 -0.887013
psi35 = 
 2.34587e-28 -0.847408 0.550106 0.201712 0.124499 -0.582129 -0.00982942 -0.100642 -0.607364 -0.603416  ...  -0.706194 -0.706737 -0.903829 -0.92258 -0.921994 -0.895298 -0.867559 -0.798894 -0.850557 -0.875257
psi36 = 
 1.22073e-20 -0.832994 0.536788 0.191618 0.117465 -0.573394 -0.0147705 -0.095184 -0.601976 -0.597502  ...  -0.698609 -0.698712 -0.890596 -0.910043 -0.909624 -0.882997 -0.856605 -0.789084 -0.840189 -0.863769
psi37 = 
 -1.34802e-17 -0.818501 0.523859 0.182098 0.111161 -0.564316 -0.0194967 -0.0892524 -0.596212 -0.591136  ...  -0.690662 -0.69032 -0.877411 -0.897372 -0.89719 -0.870833 -0.845636 -0.778981 -0.829622 -0.852089
psi38 = 
 4.72926e-10 -0.803763 0.511398 0.172823 0.104925 -0.555596 -0.0239365 -0.082756 -0.590185 -0.58467  ...  -0.68246 -0.681706 -0.86387 -0.884608 -0.884551 -0.85833 -0.834364 -0.768712 -0.818843 -0.840293
psi39 = 
 -9.76325e-16 -0.789157 0.499294 0.16383 0.0988131 -0.547167 -0.0283914 -0.0766404 -0.584342 -0.578109  ...  -0.674331 -0.673115 -0.850422 -0.872009 -0.872052 -0.845918 -0.823221 -0.758522 -0.808198 -0.828642
psi40 = 
 -6.08761e-12 -0.774614 0.486428 0.154122 0.09141 -0.539693 -0.0333269 -0.0698268 -0.578886 -0.572376  ...  -0.666629 -0.665025 -0.837234 -0.85989 -0.85987 -0.83368 -0.812263 -0.748838 -0.797914 -0.817497
psi41 = 
 -1.09418e-09 -0.760698 0.473008 0.144154 0.0835749 -0.532707 -0.0382537 -0.0622209 -0.5738 -0.567041  ...  -0.659369 -0.657397 -0.824829 -0.848443 -0.848398 -0.822206 -0.802002 -0.739704 -0.788233 -0.80697
psi42 = 
 1.15459e-09 -0.747088 0.459416 0.133462 0.0749633 -0.526202 -0.0434812 -0.0547672 -0.569328 -0.562397  ...  -0.652761 -0.650435 -0.812833 -0.837619 -0.83746 -0.811399 -0.792418 -0.731239 -0.779209 -0.797117
psi43 = 
 -3.80442e-10 -0.733321 0.443968 0.122046 0.0646328 -0.520426 -0.0498494 -0.0475944 -0.565097 -0.558143  ...  -0.646291 -0.643644 -0.800626 -0.826899 -0.826498 -0.800402 -0.782687 -0.722895 -0.770185 -0.787373
psi44 = 
 -2.74104e-09 -0.719652 0.428085 0.110204 0.0532578 -0.515442 -0.056354 -0.0399562 -0.56098 -0.554403  ...  -0.639996 -0.637082 -0.78866 -0.816483 -0.815741 -0.789471 -0.773047 -0.714817 -0.761347 -0.777923
psi45 = 
 -9.43881e-17 -0.705986 0.411147 0.0980841 0.0412177 -0.511 -0.0629373 -0.0316227 -0.556723 -0.550876  ...  -0.633619 -0.630492 -0.776742 -0.806167 -0.80502 -0.778351 -0.763179 -0.706742 -0.752435 -0.768533
psi46 = 
 -4.87134e-14 -0.692236 0.393525 0.085878 0.0290463 -0.506936 -0.069493 -0.0227237 -0.552468 -0.54752  ...  -0.627333 -0.624045 -0.764785 -0.796016 -0.794392 -0.76748 -0.753463 -0.698811 -0.743648 -0.759311
psi47 = 
 -3.02233e-10 -0.678379 0.37554 0.0738466 0.017352 -0.502743 -0.0757825 -0.0137714 -0.54821 -0.544153  ...  -0.621029 -0.617599 -0.752676 -0.785862 -0.783716 -0.756548 -0.743722 -0.69089 -0.734836 -0.75009
psi48 = 
 7.45424e-11 -0.664969 0.358438 0.0617922 0.00638303 -0.498715 -0.0825612 -0.00537718 -0.544384 -0.54094  ...  -0.615125 -0.611524 -0.741049 -0.776124 -0.773439 -0.745935 -0.734373 -0.683369 -0.726441 -0.741285
psi49 = 
 -9.4444e-15 -0.651683 0.340922 0.0492391 -0.00511257 -0.49529 -0.0899609 0.00329478 -0.540893 -0.538372  ...  -0.609641 -0.605954 -0.729697 -0.766771 -0.763426 -0.73542 -0.725142 -0.676304 -0.718349 -0.7329
psi50 = 
 2.28432e-11 -0.63825 0.32506 0.0372888 -0.0154171 -0.492048 -0.0966893 0.0128034 -0.537117 -0.535746  ...  -0.603954 -0.60025 -0.717986 -0.757334 -0.753207 -0.724546 -0.715514 -0.66912 -0.710023 -0.724411
psi51 = 
 2.30054e-12 -0.624799 0.30862 0.0249445 -0.0262325 -0.48936 -0.1036 0.0230237 -0.5335 -0.533509  ...  -0.598525 -0.594844 -0.706411 -0.748232 -0.743259 -0.714057 -0.706177 -0.662251 -0.701993 -0.716264
psi52 = 
 -1.92238e-08 -0.611725 0.290764 0.0119212 -0.0378955 -0.487206 -0.111623 0.0327267 -0.530508 -0.531889  ...  -0.593684 -0.590049 -0.695267 -0.739654 -0.733765 -0.703904 -0.69728 -0.655957 -0.694482 -0.708669
psi53 = 
 -8.35307e-10 -0.598699 0.272024 -0.00149618 -0.0505161 -0.48565 -0.119842 0.04288 -0.527627 -0.530864  ...  -0.589025 -0.585535 -0.684274 -0.731321 -0.724406 -0.693712 -0.688315 -0.649916 -0.68707 -0.70131
psi54 = 
 -5.49356e-11 -0.585809 0.253532 -0.0155738 -0.0633054 -0.484782 -0.128653 0.0533672 -0.525511 -0.530644  ...  -0.585093 -0.581771 -0.673401 -0.723519 -0.715383 -0.68372 -0.679674 -0.644552 -0.680191 -0.694557
psi55 = 
 -1.30997e-12 -0.573359 0.235257 -0.0307414 -0.0769701 -0.484861 -0.138106 0.0638775 -0.524677 -0.531768  ...  -0.58249 -0.579362 -0.66314 -0.716776 -0.707212 -0.67446 -0.671966 -0.64046 -0.674445 -0.688982
psi56 = 
 -3.09244e-12 -0.561879 0.217 -0.0464686 -0.0909985 -0.485695 -0.148296 0.0738421 -0.524931 -0.533812  ...  -0.580992 -0.578038 -0.653983 -0.711141 -0.700146 -0.666365 -0.66536 -0.637485 -0.66981 -0.684522
psi57 = 
 1.49363e-14 -0.551116 0.199894 -0.0616834 -0.104957 -0.487026 -0.15819 0.0836443 -0.525396 -0.536207  ...  -0.579843 -0.57707 -0.645618 -0.706142 -0.693773 -0.659061 -0.659434 -0.634981 -0.665736 -0.680636
psi58 = 
 -5.48282e-10 -0.540763 0.182778 -0.0769214 -0.119188 -0.488949 -0.168497 0.0933466 -0.526334 -0.539164  ...  -0.579192 -0.57662 -0.637636 -0.701687 -0.68785 -0.652103 -0.653908 -0.633008 -0.662154 -0.677295
psi59 = 
 5.91162e-16 -0.529523 0.16442 -0.0916949 -0.133855 -0.490964 -0.179238 0.103483 -0.526759 -0.541634  ...  -0.577907 -0.575542 -0.628635 -0.696505 -0.681055 -0.64409 -0.647454 -0.630367 -0.657809 -0.673252
psi60 = 
 6.74539e-14 -0.518239 0.144971 -0.106913 -0.150117 -0.493397 -0.191176 0.114377 -0.527598 -0.544558  ...  -0.576974 -0.574833 -0.619591 -0.691526 -0.674338 -0.635933 -0.640941 -0.62802 -0.653616 -0.669448
psi61 = 
 -1.47861e-11 -0.505027 0.129755 -0.117571 -0.163376 -0.493536 -0.200303 0.125535 -0.525245 -0.544097  ...  -0.572834 -0.570876 -0.608245 -0.683781 -0.665055 -0.62532 -0.631715 -0.62257 -0.646509 -0.66271
psi62 = 
 -7.64856e-12 -0.488869 0.119171 -0.12292 -0.17241 -0.489968 -0.20633 0.136182 -0.5191 -0.539087  ...  -0.564657 -0.562739 -0.593562 -0.672207 -0.652131 -0.611274 -0.618994 -0.613056 -0.635608 -0.652034
psi63 = 
 1.70247e-14 -0.468872 0.110794 -0.123794 -0.178386 -0.482653 -0.207813 0.147243 -0.5082 -0.529342  ...  -0.551681 -0.549793 -0.574452 -0.655937 -0.634618 -0.592713 -0.601701 -0.598742 -0.619975 -0.636597
psi64 = 
 3.24884e-12 -0.444982 0.102164 -0.121423 -0.182708 -0.471461 -0.20502 0.158875 -0.492569 -0.514951  ...  -0.533911 -0.532041 -0.550971 -0.634852 -0.612464 -0.569766 -0.579979 -0.579588 -0.599603 -0.616323
psi65 = 
 -7.2754e-12 -0.42015 0.0895785 -0.123168 -0.189031 -0.459523 -0.20233 0.170325 -0.477046 -0.501819  ...  -0.516459 -0.514856 -0.526558 -0.613266 -0.589543 -0.545928 -0.557535 -0.560589 -0.578878 -0.595829
psi66 = 
 3.25011e-12 -0.395035 0.0681751 -0.133801 -0.199115 -0.447422 -0.202604 0.179611 -0.46441 -0.492722  ...  -0.501986 -0.500934 -0.502295 -0.592926 -0.567265 -0.522678 -0.536127 -0.544139 -0.559884 -0.57719
psi67 = 
 4.14505e-10 -0.371481 0.0373615 -0.149431 -0.212636 -0.436377 -0.205525 0.186163 -0.455026 -0.48753  ...  -0.490963 -0.49065 -0.479994 -0.574994 -0.547128 -0.50167 -0.517101 -0.530859 -0.54359 -0.561311
psi68 = 
 -2.37101e-09 -0.349674 -0.00195776 -0.17713 -0.233556 -0.42783 -0.214566 0.190327 -0.451359 -0.488631  ...  -0.485682 -0.486349 -0.46004 -0.560807 -0.530018 -0.483511 -0.501432 -0.522744 -0.531538 -0.549841
psi69 = 
 7.88208e-09 -0.330711 -0.0498316 -0.222284 -0.269517 -0.424662 -0.232325 0.193101 -0.456088 -0.50021  ...  -0.488954 -0.491071 -0.443916 -0.552521 -0.517745 -0.469703 -0.490814 -0.522481 -0.525893 -0.545164
psi70 = 
 -2.65614e-14 -0.310482 -0.0994232 -0.274182 -0.312233 -0.423509 -0.251018 0.197846 -0.463309 -0.515138  ...  -0.494816 -0.498659 -0.4271 -0.544902 -0.505457 -0.455706 -0.480441 -0.524191 -0.52128 -0.541721
psi71 = 
 -1.33357e-20 -0.288377 -0.147063 -0.326408 -0.356443 -0.423506 -0.270182 0.204659 -0.471084 -0.531171  ...  -0.501402 -0.5072 -0.408842 -0.536786 -0.492181 -0.440439 -0.469109 -0.52626 -0.516353 -0.538158
psi72 = 
 -1.45127e-10 -0.262822 -0.19398 -0.369961 -0.396264 -0.423118 -0.288862 0.214539 -0.474764 -0.54297  ...  -0.503845 -0.511618 -0.386764 -0.524891 -0.475129 -0.421197 -0.453713 -0.5243 -0.50741 -0.530677
psi73 = 
 -1.66994e-11 -0.238224 -0.241298 -0.408687 -0.431764 -0.423284 -0.312025 0.223771 -0.478156 -0.552113  ...  -0.505329 -0.514674 -0.365708 -0.512845 -0.458477 -0.402844 -0.43887 -0.521444 -0.498295 -0.52271
psi74 = 
 -7.55714e-09 -0.216776 -0.284435 -0.44399 -0.463402 -0.42489 -0.338295 0.231524 -0.48471 -0.563497  ...  -0.510096 -0.520953 -0.348198 -0.504201 -0.445316 -0.388155 -0.427645 -0.521932 -0.49268 -0.518144
psi75 = 
 1.92527e-10 -0.197986 -0.319929 -0.474379 -0.489101 -0.427145 -0.364606 0.237785 -0.493812 -0.57622  ...  -0.51769 -0.529991 -0.3335 -0.498428 -0.435034 -0.376424 -0.419461 -0.525284 -0.490083 -0.516484
psi76 = 
 1.36402e-19 -0.184354 -0.351412 -0.502846 -0.514295 -0.434039 -0.389554 0.246764 -0.506002 -0.592235  ...  -0.529157 -0.542933 -0.324466 -0.49796 -0.43028 -0.37012 -0.41643 -0.533103 -0.492358 -0.519766
psi77 = 
 5.23804e-14 -0.174205 -0.378472 -0.528697 -0.538622 -0.443339 -0.411748 0.255511 -0.519092 -0.609446  ...  -0.542014 -0.557231 -0.318423 -0.50012 -0.428334 -0.366554 -0.415926 -0.542824 -0.496921 -0.525378
psi78 = 
 -1.66723e-11 -0.166839 -0.400682 -0.546827 -0.560688 -0.455203 -0.42899 0.265202 -0.52979 -0.624806  ...  -0.553062 -0.569609 -0.314532 -0.503056 -0.427768 -0.364507 -0.416276 -0.55167 -0.501516 -0.531038
psi79 = 
 -9.60953e-11 -0.168522 -0.420403 -0.566959 -0.583657 -0.471569 -0.447299 0.273874 -0.545384 -0.64497  ...  -0.569453 -0.587247 -0.318421 -0.512761 -0.434379 -0.369832 -0.423572 -0.566404 -0.512559 -0.543091
psi80 = 
 -4.16829e-09 -0.19252 -0.4536 -0.608018 -0.624459 -0.506233 -0.480247 0.283373 -0.581684 -0.686792  ...  -0.607485 -0.626679 -0.344178 -0.544775 -0.463109 -0.397094 -0.452759 -0.603268 -0.5457 -0.577439
psi81 = 
 1.46511e-10 -0.259081 -0.544662 -0.716651 -0.730759 -0.595027 -0.561012 0.299706 -0.674247 -0.793136  ...  -0.704485 -0.726474 -0.417886 -0.633294 -0.544622 -0.474245 -0.533936 -0.699583 -0.63516 -0.669903
psi82 = 
 1.67772e-08 -0.425238 -0.801098 -1.0132 -1.01583 -0.819384 -0.778459 0.326932 -0.917771 -1.07263  ...  -0.958465 -0.987355 -0.609223 -0.866451 -0.758849 -0.676049 -0.747263 -0.952317 -0.870519 -0.913149
psi83 = 
 -2.8021e-09 -0.505709 -0.888918 -1.12734 -1.11906 -0.911422 -0.862117 0.320625 -1.01832 -1.18662  ...  -1.06385 -1.0955 -0.695061 -0.964346 -0.850689 -0.764578 -0.83918 -1.0574 -0.969574 -1.01475
psi84 = 
 1.00433e-12 -0.492801 -0.819818 -1.06411 -1.05215 -0.876248 -0.815579 0.309458 -0.97499 -1.14072  ...  -1.02081 -1.05191 -0.669949 -0.926221 -0.817324 -0.735196 -0.806 -1.01544 -0.930973 -0.974649
psi85 = 
 4.71564e-13 -0.403681 -0.626907 -0.856514 -0.850566 -0.736975 -0.662807 0.295366 -0.81339 -0.962335  ...  -0.856056 -0.88389 -0.554258 -0.776611 -0.681495 -0.609577 -0.670421 -0.852966 -0.779456 -0.818376
psi86 = 
 -1.98549e-10 -0.31362 -0.43507 -0.646152 -0.646481 -0.595299 -0.508872 0.275887 -0.649833 -0.774968  ...  -0.689471 -0.713635 -0.437006 -0.624674 -0.543734 -0.482584 -0.53324 -0.688139 -0.625843 -0.659728
psi87 = 
 -1.75145e-26 -0.274098 -0.326196 -0.527752 -0.529877 -0.520418 -0.423291 0.254296 -0.563205 -0.669683  ...  -0.603389 -0.625498 -0.379885 -0.546337 -0.473611 -0.419424 -0.463758 -0.60338 -0.546895 -0.578009
psi88 = 
 9.7558e-13 -0.268596 -0.274188 -0.470481 -0.474187 -0.492895 -0.384085 0.232921 -0.525961 -0.6186  ...  -0.566994 -0.586646 -0.363212 -0.516721 -0.448475 -0.398872 -0.43921 -0.569636 -0.516794 -0.546545
psi89 = 
 2.22708e-17 -0.306966 -0.296155 -0.496626 -0.497869 -0.525009 -0.407342 0.20869 -0.556874 -0.643482  ...  -0.59969 -0.617266 -0.399665 -0.55221 -0.483177 -0.43498 -0.474894 -0.605422 -0.552711 -0.582782
psi90 = 
 1.19113e-19 -0.395662 -0.404128 -0.619961 -0.614218 -0.625498 -0.503048 0.180185 -0.668142 -0.757756  ...  -0.712603 -0.730753 -0.496655 -0.662626 -0.586594 -0.53566 -0.57949 -0.721401 -0.664571 -0.696974
psi91 = 
 -6.00423e-08 -0.362364 -0.299766 -0.511702 -0.507214 -0.562067 -0.421124 0.168222 -0.589753 -0.658426  ...  -0.629234 -0.643501 -0.448515 -0.59424 -0.526246 -0.481436 -0.519416 -0.641555 -0.594872 -0.623669
psi92 = 
 5.25531e-12 -0.329847 -0.200871 -0.407779 -0.405216 -0.500636 -0.340335 0.154808 -0.512371 -0.562131  ...  -0.547047 -0.557344 -0.401641 -0.527012 -0.467388 -0.428506 -0.460783 -0.56099 -0.526004 -0.550656
psi93 = 
 -8.88991e-16 -0.31012 -0.126743 -0.331496 -0.32728 -0.455992 -0.279005 0.136584 -0.456452 -0.491716  ...  -0.487192 -0.494214 -0.371008 -0.479911 -0.427252 -0.393142 -0.42111 -0.501368 -0.477678 -0.498243
psi94 = 
 2.0016e-11 -0.299042 -0.0707111 -0.276303 -0.26657 -0.422578 -0.235418 0.114463 -0.417243 -0.440664  ...  -0.444627 -0.449028 -0.352145 -0.447657 -0.400896 -0.370626 -0.395474 -0.458605 -0.444543 -0.461109
psi95 = 
 -6.40784e-14 -0.290657 -0.0214356 -0.228937 -0.21241 -0.3929 -0.198156 0.0912434 -0.384272 -0.39762  ...  -0.408832 -0.411144 -0.338039 -0.421276 -0.380394 -0.353445 -0.375596 -0.423019 -0.416707 -0.429882
psi96 = 
 2.34176e-15 -0.281905 0.024975 -0.185775 -0.161648 -0.364362 -0.163977 0.0695862 -0.354037 -0.358659  ...  -0.376134 -0.376779 -0.32499 -0.396242 -0.361936 -0.337922 -0.357551 -0.390794 -0.390049 -0.400638
psi97 = 
 -1.02422e-07 -0.277054 0.062174 -0.154276 -0.120693 -0.341655 -0.13981 0.049763 -0.333424 -0.330894  ...  -0.353822 -0.353235 -0.318169 -0.379895 -0.351781 -0.329695 -0.347348 -0.368935 -0.372486 -0.380956
psi98 = 
 1.54041e-18 -0.274316 0.0963364 -0.126861 -0.0828294 -0.32091 -0.119429 0.0325473 -0.316017 -0.307511  ...  -0.335724 -0.334123 -0.315231 -0.368829 -0.346837 -0.325923 -0.341566 -0.351722 -0.359874 -0.366196
psi99 = 
 7.09768e-13 -0.276044 0.119634 -0.112352 -0.0563903 -0.306722 -0.108633 0.0173572 -0.307831 -0.295401  ...  -0.327687 -0.325488 -0.318574 -0.36641 -0.349634 -0.329355 -0.343344 -0.344461 -0.356172 -0.36073
psi100 = 
 2.69496e-25 -0.28721 0.119639 -0.124581 -0.0545045 -0.307665 -0.116702 0.00650464 -0.31956 -0.306502  ...  -0.340328 -0.338233 -0.334131 -0.380787 -0.366916 -0.346346 -0.359714 -0.357297 -0.369987 -0.373773
psi101 = 
 -4.59836e-06 -0.246794 0.159703 -0.0998811 -0.015881 -0.265019 -0.074731 0.0745485 -0.28542 -0.277394  ...  -0.308058 -0.306971 -0.299123 -0.347858 -0.334961 -0.312919 -0.326309 -0.325172 -0.336481 -0.340773
psi102 = 
 -2.06034e-09 -0.3605 0.0106764 -0.274492 -0.167317 -0.384989 -0.221173 0.00563659 -0.441969 -0.440886  ...  -0.467597 -0.46842 -0.430302 -0.495908 -0.47698 -0.45207 -0.470726 -0.48277 -0.487783 -0.493522
psi103 = 
 1.31366e-13 -0.344568 0.0543754 -0.234536 -0.116923 -0.346002 -0.189873 -0.0134589 -0.409484 -0.401818  ...  -0.433801 -0.433692 -0.411017 -0.465013 -0.451612 -0.431072 -0.446184 -0.448857 -0.456964 -0.460796
psi104 = 
 -7.80313e-11 -0.305382 0.151083 -0.137999 -0.0115835 -0.26824 -0.117138 -0.0397542 -0.333734 -0.312179  ...  -0.354806 -0.352371 -0.360728 -0.392561 -0.388478 -0.375477 -0.38411 -0.369958 -0.38443 -0.384844
psi105 = 
 -6.03755e-12 -0.284235 0.202258 -0.0895438 0.0446075 -0.224369 -0.0787585 -0.0546993 -0.294045 -0.26591  ...  -0.313337 -0.309776 -0.333896 -0.353374 -0.353795 -0.345356 -0.350251 -0.32832 -0.345523 -0.344275
psi106 = 
 5.63456e-11 -0.277318 0.227505 -0.0748359 0.0724908 -0.199078 -0.065609 -0.0663748 -0.283352 -0.250791  ...  -0.301539 -0.297436 -0.325166 -0.339292 -0.340633 -0.335082 -0.338638 -0.315556 -0.332907 -0.330815
psi107 = 
 -2.22228e-10 -0.278347 0.233685 -0.0827638 0.0797719 -0.187212 -0.0696828 -0.0763961 -0.290747 -0.255943  ...  -0.308257 -0.304099 -0.326776 -0.340789 -0.340399 -0.33647 -0.34046 -0.320867 -0.336546 -0.334277
psi108 = 
 1.57087e-08 -0.289014 0.216928 -0.116019 0.0617637 -0.193314 -0.0934642 -0.0845936 -0.318472 -0.284505  ...  -0.335984 -0.332341 -0.34156 -0.361261 -0.356752 -0.352767 -0.359064 -0.347023 -0.359411 -0.357711
psi109 = 
 -9.73851e-11 -0.317376 0.159588 -0.195615 0.00207388 -0.228166 -0.155578 -0.0927475 -0.386006 -0.3553  ...  -0.404088 -0.401606 -0.382157 -0.417727 -0.40563 -0.398783 -0.410993 -0.412747 -0.419336 -0.419003
psi110 = 
 -2.37093e-10 -0.386713 0.000856453 -0.386234 -0.166472 -0.339815 -0.302986 -0.0971526 -0.543452 -0.528949  ...  -0.565242 -0.566332 -0.483195 -0.558934 -0.529674 -0.513494 -0.539359 -0.570962 -0.565074 -0.569129
psi111 = 
 1.1632e-08 -0.570649 -0.41741 -0.865843 -0.598444 -0.6308 -0.682924 -0.104192 -0.943559 -0.963055  ...  -0.97302 -0.982003 -0.746314 -0.919313 -0.849825 -0.811242 -0.87048 -0.971005 -0.936402 -0.950183
psi112 = 
 -2.11288e-08 -0.688484 -0.80616 -1.2844 -0.986657 -0.875963 -1.01869 -0.126435 -1.28326 -1.33396  ...  -1.31834 -1.33447 -0.951091 -1.22066 -1.11232 -1.05207 -1.1448 -1.30886 -1.24778 -1.27055
psi113 = 
 -5.93582e-08 -0.764262 -1.23778 -1.71992 -1.40071 -1.12553 -1.37819 -0.165159 -1.63397 -1.7149  ...  -1.67292 -1.69593 -1.14211 -1.52632 -1.37367 -1.28832 -1.42135 -1.65467 -1.56511 -1.59725
psi114 = 
 6.60282e-08 -0.845233 -1.33161 -1.78934 -1.47909 -1.18381 -1.43927 -0.168964 -1.70181 -1.78197  ...  -1.74084 -1.7633 -1.20978 -1.59553 -1.44234 -1.35595 -1.49048 -1.72284 -1.63371 -1.6659
psi115 = 
 -3.71574e-06 -0.829129 -1.14331 -1.5826 -1.28742 -1.06589 -1.27932 -0.190919 -1.54479 -1.60352  ...  -1.57969 -1.59721 -1.12923 -1.45968 -1.32853 -1.25485 -1.3715 -1.56575 -1.49257 -1.51905
psi116 = 
 4.22334e-06 -0.93428 -1.19643 -1.67553 -1.35688 -1.12788 -1.35751 -0.250446 -1.64284 -1.70084  ...  -1.67924 -1.69711 -1.21981 -1.55536 -1.42199 -1.34753 -1.46709 -1.66458 -1.58982 -1.6164
psi117 = 
 1.65435e-07 -0.869794 -1.03345 -1.48937 -1.18538 -1.00785 -1.21331 -0.252738 -1.48702 -1.52945  ...  -1.51913 -1.53351 -1.11307 -1.41187 -1.29361 -1.22787 -1.33542 -1.50671 -1.44288 -1.46538
psi118 = 
 -5.05014e-07 -0.70489 -0.740861 -1.15776 -0.877757 -0.774156 -0.939666 -0.215916 -1.19324 -1.21624  ...  -1.21971 -1.22982 -0.892683 -1.13575 -1.03963 -0.987067 -1.07559 -1.21038 -1.16152 -1.17854
psi119 = 
 1.95203e-06 -0.515333 -0.448589 -0.824768 -0.569208 -0.530529 -0.66066 -0.167729 -0.891246 -0.899437  ...  -0.912922 -0.919797 -0.654899 -0.849095 -0.772019 -0.731107 -0.802502 -0.906392 -0.870049 -0.882648
psi120 = 
 -6.99005e-07 -0.412492 -0.290286 -0.657871 -0.404779 -0.394205 -0.51684 -0.137648 -0.742139 -0.742394  ...  -0.76217 -0.76775 -0.529436 -0.705227 -0.635417 -0.599453 -0.664508 -0.756498 -0.725089 -0.735636
psi121 = 
 -1.41821e-09 -0.355658 -0.310916 -0.617975 -0.39189 -0.362748 -0.487773 -0.105296 -0.662856 -0.665536  ...  -0.676923 -0.68224 -0.456934 -0.620548 -0.555664 -0.522492 -0.582451 -0.669265 -0.638754 -0.648716
psi122 = 
 3.37446e-08 -0.294574 -0.338626 -0.607653 -0.41014 -0.352199 -0.479658 -0.0842022 -0.630772 -0.648735  ...  -0.64601 -0.653124 -0.408031 -0.590158 -0.519132 -0.481162 -0.545665 -0.640102 -0.606484 -0.619196
psi123 = 
 -5.08508e-06 -0.306765 -0.325542 -0.631433 -0.406114 -0.346843 -0.49864 -0.0857562 -0.670684 -0.680956  ...  -0.686588 -0.693365 -0.426621 -0.623127 -0.547279 -0.507598 -0.577827 -0.678886 -0.643152 -0.655498
psi124 = 
 9.49973e-08 0.476026 -1.25896 -0.16434 -0.370672 -0.758341 -0.605811 0.626368 0.647561 1.13554  ...  0.968566 1.04996 0.674363 1.09519 0.903369 0.812838 0.926122 1.14096 1.07026 1.15611
psi125 = 
 1.17636e-06 -0.218795 -0.642267 -0.712523 -0.62961 -0.472978 -0.601096 -0.0236689 -0.599727 -0.648429  ...  -0.601137 -0.608866 -0.35001 -0.550651 -0.477324 -0.433481 -0.499489 -0.59465 -0.559906 -0.575871
psi126 = 
 6.65057e-05 -0.219885 -0.572895 -0.739479 -0.607247 -0.445042 -0.59239 -0.0325804 -0.662493 -0.716407  ...  -0.675254 -0.686138 -0.372767 -0.609973 -0.523197 -0.473371 -0.552429 -0.668372 -0.624447 -0.643054
psi127 = 
 -0.00149424 -0.105157 -0.692161 -0.762095 -0.704958 -0.456213 -0.592954 0.00610238 -0.59396 -0.699012  ...  -0.611575 -0.629233 -0.276036 -0.541327 -0.441319 -0.384204 -0.469119 -0.609605 -0.553486 -0.579727
psi128 = 
 1.92387e-05 0.78431 -1.79185 -0.395526 -1.5848 -0.754735 -0.0973125 0.4002 0.767424 0.0830308  ...  0.723461 0.650938 0.697909 0.565119 0.621886 0.703938 0.733004 0.64008 0.704217 0.610178
psi129 = 
 1.82995e-10 1.09794 -2.22969 -0.509749 -2.10512 -0.899934 0.00184428 0.47878 1.04158 0.0232524  ...  0.942478 0.829775 0.94951 0.723461 0.822579 0.945357 0.974327 0.811688 0.915703 0.774866
psi130 = 
 -4.35318e-06 -0.159163 -1.04154 -1.09033 -0.982758 -0.703242 -0.977963 -0.0172405 -0.91638 -0.995882  ...  -0.919181 -0.932264 -0.45349 -0.824367 -0.700536 -0.626611 -0.742743 -0.906466 -0.843188 -0.870191
psi131 = 
 2.55989e-07 1.47557 -3.49925 -0.31845 -3.13644 -1.61789 0.282966 0.914358 2.15941 0.677811  ...  2.05965 1.91061 1.50117 1.56752 1.55706 1.68435 1.86838 1.84882 1.91628 1.73032
psi132 = 
 0.000275593 1.23311 -3.2316 -0.725171 -3.04268 -1.68504 -0.0718083 0.799693 1.52191 0.148489  ...  1.41442 1.27522 1.11125 1.00941 1.05292 1.19989 1.31446 1.22422 1.31075 1.13205
psi133 = 
 -9.15627e-06 1.38049 -4.22107 -1.01742 -3.93138 -2.26215 -0.29381 0.976212 1.62737 0.0049229  ...  1.5004 1.33923 1.15452 0.984878 1.03558 1.21888 1.35098 1.26514 1.35445 1.14252
psi134 = 
 -7.18527e-06 2.68368 -8.29253 0.817734 -7.40418 -5.3518 3.38885 3.78719 9.68759 5.95718  ...  9.7899 9.45822 5.04114 8.23754 7.2016 7.08809 8.51122 9.42821 9.35751 9.0195
psi135 = 
 -1.06912e-06 1.63413 -6.08896 0.0620152 -5.66607 -4.12119 1.31036 2.22334 5.4325 2.64648  ...  5.35621 5.13204 2.54363 3.98398 3.46126 3.55143 4.32762 4.91491 4.8088 4.51978
psi136 = 
 -5.17014e-06 1.66366 -5.8455 0.935551 -5.21522 -3.83645 1.18606 1.96529 4.95223 2.1698  ...  4.72765 4.52558 2.08689 2.99455 2.6179 2.81196 3.4345 4.09335 3.86614 3.56164
psi137 = 
 0.00430714 4.85126 7.39117 30.3858 11.183 1.33568 20.3965 3.64954 30.8808 29.2525  ...  31.6305 32.1258 11.4917 23.366 18.64 17.2127 21.5202 29.6515 26.1004 26.5209
psi138 = 
 2.97503e-06 0.972352 -4.85482 11.4013 -1.31517 -5.60099 7.21306 4.17768 16.2059 14.4107  ...  16.8291 17.0085 5.20214 12.4476 9.611 8.96258 11.6009 15.9305 14.153 14.327
psi139 = 
 -0.00190116 0.804761 -16.5493 -15.8993 -18.5645 -8.50784 -6.65404 2.45496 -4.74881 -10.8569  ...  -5.67553 -6.61732 -0.680827 -4.32964 -2.66501 -1.57266 -2.27099 -5.79183 -3.90598 -4.96947
psi140 = 
 0.0171101 -1.59498 -1.62542 25.9923 5.79342 -7.57767 13.803 6.16472 28.7839 29.5859  ...  30.4052 31.2757 7.02156 22.2143 16.2012 14.5512 19.5472 28.9667 24.8632 25.803
psi141 = 
 -5.11952e-06 1.06484 -16.9353 -18.9656 -18.4743 -13.4649 3.94222 10.384 13.5676 7.37278  ...  14.9893 13.6888 10.3704 19.595 17.664 17.3099 20.1173 17.2582 20.292 19.4349
psi142 = 
 0.000901672 -14.0959 -0.560229 58.6815 25.5038 -20.9044 16.6132 12.7686 51.6373 65.9061  ...  58.277 61.7918 4.75606 40.1954 25.1532 21.21 31.5815 56.356 44.9285 48.691
psi143 = 
 0.0460986 -26.0606 72.6453 189.933 122.576 5.26935 76.65 -7.87285 153.987 204.005  ...  171.14 185.463 10.2353 101.144 56.2554 44.6959 68.2046 160.097 111.838 129.038
psi144 = 
 0.287389 -15.9159 -41.2662 -28.3063 -33.1796 -31.4504 -24.0418 8.98186 -7.37467 -5.88087  ...  -5.86609 -5.84127 -10.6981 -4.74187 -6.66614 -6.20501 -4.90194 -4.94168 -4.54701 -4.43234
psi145 = 
 0.0430686 -75.6996 168.07 623.018 285.024 38.8885 175.5 -47.1503 322.777 431.76  ...  349.165 393.271 -18.022 185.487 70.7058 55.8795 98.9797 331.85 201.745 253.609
psi146 = 
 0.129114 -28.8897 26.7221 110.681 69.1913 0.0655394 12.3675 -2.4917 68.6478 114.919  ...  82.5275 100.838 -4.5367 60.6461 21.5456 24.0603 27.2198 92.2434 53.7543 77.4973
psi147 = 
 0.609459 -47.3283 137.675 675.435 298.938 41.1932 140.028 -63.6716 316.708 497.988  ...  336.935 443.766 -26.4627 184.065 20.5977 35.9621 46.4801 375.893 158.482 281.035
psi148 = 
 -0.0352871 197.165 969.531 1067.08 981.935 578.925 891.948 -17.2076 1001.11 1050.04  ...  999.205 1037.75 469.688 1000.01 726.052 804.064 796.303 1025.89 942.538 1033.27
psi149 = 
 -290.364 -4876.3 3868.26 12422.1 6803.22 -3614.78 -1838.49 -4857.44 183.062 4826.02  ...  -1882.62 -1640.27 -4398.08 -3008.61 -3264.04 -4338.32 -3563.53 -4166 -2755.97 -1581.19
