0.0354614
0.0351608
0.0348606
0.0345607
0.0342611
0.0339618
0.0336627
0.0333639
0.0330654
0.0327671
0.0324692
0.0321715
0.031874
0.0315768
0.0312799
0.0309833
0.030687
0.0303909
0.0300951
0.0297995
0.0295042
0.0292093
0.0289145
0.0286201
0.0283259
0.028032
0.0277384
0.0274451
0.027152
0.0268593
0.0265667
0.0262745
0.0259826
0.025691
0.0253996
0.0251085
0.0248178
0.0245273
0.0242371
0.0239472
0.0236576
0.0233683
0.0230793
0.0227906
0.0225022
0.0222141
0.0219263
0.0216388
0.0213517
0.0210648
0.0207783
0.0204921
0.0202062
0.0199206
0.0196354
0.0193505
0.0190659
0.0187817
0.0184978
0.0182142
0.017931
0.0176482
0.0173657
0.0170835
0.0168017
0.0165203
0.0162392
0.0159585
0.0156782
0.0153983
0.0151188
0.0148396
0.0145608
0.0142825
0.0140046
0.013727
0.0134499
0.0131732
0.012897
0.0126211
0.0123458
0.0120708
0.0117964
0.0115224
0.0112489
0.0109759
0.0107034
0.0104314
0.0101599
0.00988894
0.00961853
0.00934867
0.00907938
0.00881068
0.00854259
0.0082751
0.00800826
0.00774207
0.00747655
0.00721173
