psi values:
psi1 = 
 -2.02549e-11 6.3348 15.4707 24.9364 32.1104 34.6983 31.739 24.1739 14.2579 4.51377  ...  0.331928 3.73554 13.2547 23.828 32.1955 35.2642 31.7128 22.8865 11.8579 1.77757
psi2 = 
 -1.18001e-13 6.44663 15.6722 25.2067 32.4248 35.0282 32.0543 24.4461 14.4624 4.63025  ...  0.343157 3.80202 13.4253 24.0799 32.5 35.5873 32.0182 23.1401 12.0311 1.84852
psi3 = 
 2.20365e-11 6.55714 15.8722 25.4758 32.7382 35.3576 32.3697 24.7192 14.6689 4.75014  ...  0.357953 3.86701 13.5944 24.3305 32.8035 35.9099 32.3238 23.3948 12.2067 1.92306
psi4 = 
 -1.95502e-11 6.66658 16.0707 25.7431 33.0498 35.6852 32.6835 24.9911 14.8745 4.86999  ...  0.37288 3.93098 13.7619 24.5794 33.1053 36.2308 32.6279 23.6484 12.3816 1.99771
psi5 = 
 -2.39594e-13 6.7756 16.2684 26.0093 33.3602 36.0117 32.9963 25.2621 15.0796 4.98985  ...  0.388064 3.99465 13.9288 24.8274 33.406 36.5507 32.9311 23.9013 12.5562 2.07254
psi6 = 
 -2.89673e-10 6.88464 16.4659 26.2754 33.6705 36.3382 33.3094 25.5338 15.2859 5.11148  ...  0.405387 4.05843 14.0956 25.0752 33.7066 36.8707 33.2347 24.155 12.7323 2.14938
psi7 = 
 1.16558e-09 6.99364 16.6632 26.5409 33.9802 36.6641 33.6218 25.8049 15.4919 5.23324  ...  0.423171 4.12235 14.2623 25.3225 34.0066 37.19 33.5377 24.4084 12.9082 2.22654
psi8 = 
 4.75259e-10 7.10103 16.8577 26.8032 34.2862 36.986 33.9303 26.0723 15.6944 5.35191  ...  0.438256 4.18498 14.4265 25.5667 34.303 37.5054 33.8369 24.6581 13.0808 2.30085
psi9 = 
 -1.68944e-12 7.20912 17.0532 27.0666 34.5936 37.3097 34.241 26.3423 15.9001 5.4743  ...  0.457603 4.24838 14.5916 25.812 34.6008 37.8227 34.1383 24.9106 13.2569 2.37918
psi10 = 
 -8.18604e-12 7.31642 17.2471 27.3278 34.8985 37.6305 34.5484 26.6088 16.1023 5.59348  ...  0.474062 4.31132 14.7556 26.0553 34.896 38.137 34.4364 25.1597 13.4296 2.45448
psi11 = 
 -6.33357e-07 7.41695 17.4306 27.5762 35.1888 37.9357 34.8395 26.8586 16.2876 5.69577  ...  0.473928 4.36837 14.9097 26.2862 35.177 38.4358 34.7183 25.392 13.5855 2.51305
psi12 = 
 1.49893e-13 7.52753 17.6291 27.8428 35.4997 38.263 35.1543 27.1334 16.4991 5.82518  ...  0.501763 4.43465 15.0782 26.5349 35.4783 38.7568 35.024 25.6498 13.768 2.59916
psi13 = 
 -2.55005e-10 7.63432 17.8219 28.1026 35.803 38.5826 35.4613 27.4005 16.7031 5.94763  ...  0.52322 4.49766 15.2413 26.7769 35.7721 39.0701 35.322 25.8999 13.9432 2.67863
psi14 = 
 -2.95349e-08 7.73843 18.0103 28.3567 36.0998 38.895 35.7605 27.6596 16.8989 6.06191  ...  0.536845 4.55854 15.4005 27.0135 36.0595 39.3762 35.6122 26.1419 14.1103 2.7501
psi15 = 
 3.39779e-06 7.83911 18.1931 28.6036 36.3882 39.1982 36.0498 27.908 17.0839 6.16538  ...  0.539999 4.61671 15.5546 27.2432 36.3387 39.673 35.8924 26.3734 14.2667 2.81092
psi16 = 
 -4.22387e-09 7.94176 18.3792 28.8552 36.6825 39.5083 36.3474 28.1665 17.2803 6.28146  ...  0.556801 4.6766 15.7118 27.4774 36.6236 39.9769 36.1813 26.6153 14.435 2.88488
psi17 = 
 -4.30294e-09 8.04909 18.5722 29.1147 36.9854 39.8276 36.6545 28.4345 17.4863 6.40753  ...  0.584246 4.74103 15.8757 27.7195 36.9172 40.2901 36.4796 26.8668 14.6131 2.96916
psi18 = 
 5.41706e-07 8.1484 18.7525 29.3585 37.2705 40.1273 36.9407 28.6806 17.6699 6.51087  ...  0.589141 4.79865 16.0279 27.9464 37.1931 40.5835 36.7569 27.0963 14.7687 3.03078
psi19 = 
 -4.53681e-24 8.25363 18.9421 29.6139 37.5689 40.4421 37.2435 28.945 17.8732 6.63523  ...  0.616282 4.86164 16.1889 28.1845 37.4823 40.8922 37.0512 27.3445 14.9445 3.11405
psi20 = 
 9.29027e-12 8.3549 19.1253 29.8612 37.8579 40.7464 37.5352 29.1975 18.0643 6.74735  ...  0.631564 4.92146 16.344 28.4149 37.7621 41.1904 37.3341 27.5808 15.1083 3.18525
psi21 = 
 3.60909e-07 8.45501 19.3067 30.1063 38.1446 41.0485 37.8248 29.4483 18.2542 6.85885  ...  0.64701 4.98049 16.4976 28.6432 38.0398 41.4864 37.6152 27.8156 15.2711 3.25622
psi22 = 
 1.95157e-06 8.54997 19.4797 30.3407 38.4187 41.3365 38.0989 29.6828 18.427 6.95288  ...  0.645241 5.03537 16.6437 28.8613 38.305 41.7683 37.8807 28.0339 15.4167 3.30983
psi23 = 
 -1.02335e-11 8.65332 19.666 30.592 38.7127 41.647 38.3981 29.9445 18.6292 7.0781  ...  0.676297 5.09774 16.8021 29.0957 38.5899 42.0727 38.1715 28.28 15.5924 3.39545
psi24 = 
 6.39182e-12 8.75171 19.8444 30.8332 38.9951 41.9447 38.6836 30.1919 18.8166 7.18864  ...  0.693122 5.15609 16.9534 29.3205 38.8634 42.3645 38.4486 28.5117 15.7535 3.46661
psi25 = 
 4.70905e-09 8.84879 20.0206 31.0717 39.2744 42.2389 38.9655 30.4357 19.0007 7.29615  ...  0.707663 5.21362 17.1029 29.5428 39.1337 42.6527 38.7221 28.74 15.9114 3.53508
psi26 = 
 1.95662e-11 8.94428 20.1942 31.307 39.5499 42.5293 39.2435 30.6757 19.1812 7.40054  ...  0.719928 5.27008 17.2501 29.7619 39.4005 42.9371 38.9918 28.9646 16.0659 3.60085
psi27 = 
 1.56913e-14 9.04007 20.3682 31.5425 39.8258 42.82 39.5219 30.9164 19.3627 7.50652  ...  0.73464 5.32714 17.3978 29.9814 39.6675 43.2219 39.2619 29.19 16.2218 3.66862
psi28 = 
 -7.76665e-07 9.13672 20.5434 31.7797 40.1036 43.1129 39.803 31.1603 19.5481 7.61709  ...  0.754998 5.38529 17.5468 30.2026 39.9365 43.509 39.5349 29.4188 16.3819 3.74149
psi29 = 
 8.10864e-11 9.22913 20.7121 32.0088 40.3724 43.3965 40.0746 31.3947 19.7243 7.71901  ...  0.767614 5.43999 17.6899 30.416 40.1967 43.7867 39.7984 29.6383 16.5331 3.80616
psi30 = 
 1.5015e-08 9.31726 20.8737 32.2289 40.6305 43.6679 40.3327 31.6147 19.8854 7.80562  ...  0.765408 5.49149 17.8267 30.6208 40.4464 44.0522 40.0483 29.8432 16.6691 3.85573
psi31 = 
 3.21058e-11 9.41239 21.0464 32.4631 40.9054 43.9585 40.6124 31.8585 20.0724 7.92003  ...  0.792839 5.54927 17.9739 30.8393 40.7126 44.337 40.32 30.0725 16.8318 3.93402
psi32 = 
 -1.88266e-08 9.5008 21.2083 32.6834 41.1639 44.2305 40.8718 32.0806 20.2367 8.01135  ...  0.797546 5.60175 18.1114 31.0446 40.9626 44.6033 40.5714 30.2799 16.9718 3.98938
psi33 = 
 -3.04397e-12 9.59271 21.3759 32.9113 41.4317 44.5137 41.1441 32.3174 20.4174 8.12079  ...  0.822137 5.65747 18.2542 31.2571 41.2219 44.8807 40.836 30.5025 17.1289 4.06371
psi34 = 
 -5.76173e-08 9.68128 21.538 33.1322 41.6915 44.788 41.4068 32.5441 20.5879 8.22017  ...  0.837497 5.71077 18.3923 31.4631 41.4733 45.1492 41.0908 30.715 17.2759 4.12837
psi35 = 
 3.36929e-07 9.76694 21.6954 33.3471 41.9441 45.0542 41.6609 32.762 20.7495 8.31111  ...  0.845371 5.76204 18.5261 31.6632 41.7176 45.4098 41.3372 30.9188 17.4143 4.18506
psi36 = 
 -1.12211e-11 9.85379 21.8547 33.5645 42.2 45.3246 41.9201 32.9859 20.9183 8.41036  ...  0.863063 5.81469 18.6619 31.866 41.9652 45.6746 41.5888 31.129 17.5603 4.25078
psi37 = 
 2.68728e-05 10.0352 22.1599 33.9608 42.6584 45.8149 42.4158 33.4588 21.3434 8.77227  ...  1.149 5.9494 18.9343 32.2424 42.4133 46.1592 42.0781 31.5899 17.9648 4.58199
psi38 = 
 -4.12212e-08 10.0221 22.1645 33.9883 42.6993 45.8519 42.4246 33.4201 21.243 8.59812  ...  0.891319 5.91673 18.9261 32.261 42.4481 46.1906 42.0782 31.536 17.8406 4.37321
psi39 = 
 2.62586e-05 10.0249 22.1919 34.0408 42.7665 45.9152 42.463 33.4119 21.171 8.45185  ...  0.663676 5.89849 18.94 32.3042 42.5091 46.2481 42.1077 31.5125 17.7449 4.19303
psi40 = 
 -9.71432e-09 10.1847 22.465 34.4007 43.1858 46.366 42.9164 33.8427 21.5582 8.77961  ...  0.918708 6.01569 19.1826 32.6454 42.9186 46.6936 42.555 31.9322 18.1128 4.49197
psi41 = 
 2.84855e-08 10.264 22.6121 34.603 43.4249 46.6188 43.1582 34.0505 21.713 8.86895  ...  0.933171 6.06426 19.3083 32.834 43.1497 46.9409 42.7895 32.127 18.2468 4.55098
psi42 = 
 -4.73853e-08 10.3418 22.7567 34.8022 43.6605 46.868 43.3965 34.255 21.8652 8.95655  ...  0.947384 6.11201 19.4319 33.0196 43.3774 47.1846 43.0206 32.3188 18.3786 4.60897
psi43 = 
 -1.92616e-11 10.4179 22.8985 34.998 43.8923 47.1133 43.6309 34.4559 22.0144 9.04206  ...  0.961059 6.15881 19.5533 33.2021 43.6014 47.4244 43.2478 32.5072 18.5077 4.66561
psi44 = 
 1.18838e-08 10.4922 23.0373 35.1902 44.12 47.3542 43.861 34.6527 22.1599 9.12495  ...  0.97369 6.20465 19.6721 33.3812 43.8214 47.6599 43.4708 32.6917 18.6338 4.72038
psi45 = 
 -2.39004e-08 10.5649 23.1736 35.3792 44.3443 47.5917 44.0879 34.8467 22.3033 9.20672  ...  0.98688 6.24971 19.7889 33.5574 44.0381 47.892 43.6906 32.8736 18.7581 4.77485
psi46 = 
 -4.04417e-11 10.6367 23.3084 35.5665 44.5668 47.8274 44.3133 35.0398 22.4465 9.28958  ...  1.00296 6.29453 19.9046 33.7319 44.2529 48.1224 43.9091 33.0549 18.8829 4.83126
psi47 = 
 0.00028619 10.8027 23.6104 35.9884 45.0851 48.4123 44.9368 35.6691 23.0438 9.82791  ...  1.46704 6.41286 20.1697 34.1293 44.7581 48.7019 44.5291 33.6756 19.4627 5.3404
psi48 = 
 2.85232e-11 10.7722 23.5649 35.9249 44.9938 48.2801 44.7452 35.4077 22.7164 9.44184  ...  1.02691 6.37902 20.1247 34.0658 44.665 48.5644 44.3273 33.3998 19.1172 4.93312
psi49 = 
 -9.24705e-12 10.8374 23.6891 36.099 45.2017 48.5007 44.9557 35.5869 22.8479 9.51637  ...  1.04021 6.42011 20.2314 34.228 44.8656 48.7798 44.5311 33.5679 19.2317 4.98385
psi50 = 
 -9.61357e-12 10.9008 23.8103 36.2696 45.4057 48.7173 45.1624 35.7628 22.9766 9.58953  ...  1.05412 6.46031 20.3357 34.3869 45.0623 48.9912 44.7313 33.7329 19.3441 5.03416
psi51 = 
 -1.90316e-08 10.9747 23.9478 36.4604 45.6331 48.9603 45.3981 35.9698 23.1386 9.69811  ...  1.10617 6.50994 20.4555 34.5655 45.2822 49.229 44.9607 33.9296 19.4906 5.12122
psi52 = 
 -3.91558e-11 11.0229 24.045 36.6015 45.8039 49.1409 45.5671 36.1074 23.2297 9.73565  ...  1.08815 6.53867 20.5382 34.6961 45.4462 49.4045 45.123 34.0567 19.5663 5.13765
psi53 = 
 -4.73687e-10 11.0791 24.1546 36.7578 45.9921 49.3412 45.7576 36.2683 23.3458 9.8002  ...  1.09978 6.57485 20.6327 34.8415 45.6274 49.5995 45.3073 34.2075 19.6679 5.18237
psi54 = 
 1.98128e-09 11.1332 24.2605 36.9096 46.1755 49.5363 45.9433 36.4247 23.4582 9.86252  ...  1.11144 6.60989 20.7243 34.9828 45.8038 49.7896 45.4866 34.3542 19.7663 5.22592
psi55 = 
 7.60134e-09 11.1824 24.3587 37.0519 46.348 49.72 46.1171 36.5693 23.5595 9.91505  ...  1.11553 6.64167 20.8091 35.1149 45.9696 49.9682 45.6543 34.4893 19.8543 5.26076
psi56 = 
 -8.13601e-11 11.2311 24.456 37.1931 46.5197 49.9031 46.291 36.715 23.6631 9.97169  ...  1.12632 6.67376 20.8934 35.2462 46.1346 50.1463 45.8221 34.6258 19.9452 5.30093
psi57 = 
 5.90647e-10 11.2774 24.5492 37.3295 46.686 50.0808 46.4597 36.856 23.763 10.0265  ...  1.13777 6.70455 20.9743 35.3729 46.2943 50.319 45.9849 34.758 20.0333 5.34045
psi58 = 
 -4.89252e-11 11.3207 24.6377 37.4601 46.8462 50.2523 46.6226 36.9918 23.8588 10.079  ...  1.14974 6.73364 21.0513 35.4943 46.448 50.4855 46.1419 34.8854 20.1181 5.37907
psi59 = 
 9.82577e-14 11.3608 24.7207 37.5837 46.9982 50.4148 46.776 37.1182 23.9458 10.1242  ...  1.15668 6.76097 21.1236 35.609 46.5936 50.6431 46.2896 35.0036 20.1947 5.41138
psi60 = 
 2.52294e-08 11.3989 24.8006 37.7039 47.147 50.5747 46.9278 37.2443 24.0341 10.1732  ...  1.17065 6.78739 21.1935 35.7205 46.736 50.7981 46.4357 35.122 20.2736 5.44909
psi61 = 
 1.18961e-08 11.4336 24.8749 37.8172 47.2882 50.7267 47.0718 37.3631 24.1163 10.218  ...  1.18329 6.81185 21.2586 35.8256 46.871 50.9453 46.5742 35.2334 20.3472 5.48399
psi62 = 
 -2.1554e-12 11.4629 24.9402 37.919 47.4161 50.8642 47.2005 37.4664 24.1835 10.2492  ...  1.18487 6.83271 21.3159 35.9197 46.9929 51.0779 46.6975 35.3296 20.4063 5.50645
psi63 = 
 -3.81418e-07 11.4956 25.0109 38.0284 47.5538 51.0138 47.3439 37.587 24.2709 10.3045  ...  1.21447 6.85712 21.3786 36.0212 47.1245 51.2227 46.8357 35.4439 20.4872 5.55486
psi64 = 
 -8.15223e-09 11.5131 25.057 38.1065 47.655 51.1228 47.4435 37.6617 24.3112 10.3127  ...  1.19903 6.87017 21.4191 36.0927 47.22 51.327 46.93 35.512 20.5211 5.55722
psi65 = 
 4.78242e-08 11.5313 25.1039 38.1856 47.758 51.2344 47.5468 37.7415 24.3586 10.3312  ...  1.19741 6.88464 21.4608 36.1654 47.3174 51.4339 47.0283 35.586 20.5633 5.57147
psi66 = 
 3.30524e-05 11.5436 25.1412 38.2535 47.8488 51.334 47.6386 37.8109 24.3978 10.3445  ...  1.19466 6.89503 21.494 36.2273 47.4027 51.5287 47.1151 35.6501 20.5984 5.5825
psi67 = 
 -9.51512e-07 11.5675 25.1968 38.3444 47.9668 51.4639 47.7642 37.9175 24.4771 10.4016  ...  1.23945 6.91596 21.5448 36.3118 47.5149 51.654 47.2363 35.7521 20.6751 5.63918
psi68 = 
 -1.65775e-10 11.5775 25.2299 38.4074 48.053 51.5596 47.8541 37.9876 24.5206 10.4251  ...  1.25395 6.92646 21.5752 36.3694 47.5956 51.7452 47.3215 35.8179 20.7167 5.66374
psi69 = 
 -5.14227e-09 11.5823 25.2542 38.4592 48.1265 51.6418 47.93 38.0441 24.5516 10.4385  ...  1.2619 6.93373 21.5981 36.4164 47.664 51.8228 47.393 35.8706 20.7469 5.67993
psi70 = 
 2.33657e-09 11.5831 25.2715 38.5023 48.1904 51.714 47.9961 38.0915 24.5751 10.4474  ...  1.26928 6.93872 21.6151 36.4552 47.7228 51.8904 47.4548 35.9146 20.7707 5.69352
psi71 = 
 -3.90527e-09 11.5795 25.2814 38.5363 48.2443 51.7759 48.0523 38.1302 24.5918 10.4528  ...  1.27704 6.9412 21.6259 36.4854 47.7718 51.9479 47.5069 35.9504 20.7888 5.7054
psi72 = 
 4.1001e-05 11.5812 25.299 38.5802 48.3106 51.8527 48.1258 38.1888 24.632 10.4863  ...  1.31785 6.949 21.6444 36.5254 47.8329 52.0202 47.5766 36.0071 20.8321 5.74782
psi73 = 
 0.000165058 11.566 25.2893 38.5903 48.3395 51.8906 48.1597 38.2081 24.6346 10.4854  ...  1.32793 6.94399 21.638 36.5328 47.8572 52.0536 47.6067 36.025 20.839 5.75757
psi74 = 
 6.38302e-06 11.547 25.2735 38.5927 48.3574 51.914 48.1778 38.211 24.6202 10.4692  ...  1.32652 6.93711 21.6268 36.5332 47.8707 52.0727 47.6211 36.0266 20.8296 5.75374
psi75 = 
 1.00932e-05 11.5234 25.2485 38.5834 48.364 51.9269 48.1862 38.2057 24.6013 10.454  ...  1.33116 6.9275 21.6078 36.5224 47.873 52.0813 47.626 36.0209 20.8175 5.75331
psi76 = 
 -1.41055e-05 11.441 25.1275 38.4516 48.2275 51.7812 48.024 38.0204 24.3944 10.2451  ...  1.14047 6.87152 21.5009 36.3936 47.7341 51.9313 47.4594 35.8337 20.6159 5.55832
psi77 = 
 5.34698e-06 11.4609 25.1716 38.5305 48.3381 51.9123 48.1634 38.1586 24.5324 10.4025  ...  1.33223 6.89946 21.547 36.4687 47.8392 52.0581 47.5967 35.9745 20.7658 5.73759
psi78 = 
 7.87145e-06 11.4165 25.111 38.4771 48.2956 51.8741 48.1214 38.1064 24.4733 10.3588  ...  1.32191 6.87641 21.4971 36.4159 47.793 52.0157 47.5518 35.9238 20.7176 5.71518
psi79 = 
 1.6524e-07 11.3703 25.0461 38.4174 48.2457 51.8285 48.0723 38.048 24.4105 10.3158  ...  1.31727 6.85318 21.444 36.3575 47.7397 51.9659 47.4998 35.8676 20.6671 5.69579
psi80 = 
 -8.66444e-12 11.3191 24.9722 38.3468 48.1846 51.7721 48.0138 37.9827 24.3443 10.275  ...  1.32025 6.82694 21.3832 36.2889 47.6752 51.9054 47.4389 35.8053 20.615 5.68118
psi81 = 
 5.60589e-07 11.262 24.8873 38.2622 48.1078 51.6993 47.9393 37.9026 24.2662 10.2275  ...  1.32186 6.7972 21.3131 36.2069 47.5953 51.8285 47.3621 35.729 20.5528 5.66241
psi82 = 
 -4.56678e-13 11.1987 24.7909 38.163 48.015 51.61 47.8488 37.8082 24.1771 10.1742  ...  1.32311 6.76358 21.2331 36.1112 47.4995 51.7351 47.2696 35.6392 20.4812 5.64047
psi83 = 
 5.1516e-05 11.1333 24.6904 38.0592 47.9185 51.5187 47.7592 37.7184 24.0974 10.1376  ...  1.34757 6.72935 21.1498 36.0111 47.3999 51.6398 47.1784 35.5553 20.4212 5.63833
psi84 = 
 3.05324e-11 11.0515 24.5603 37.9163 47.7755 51.3756 47.6134 37.5696 23.9588 10.0447  ...  1.31901 6.68349 21.0405 35.8739 47.2548 51.4928 47.0308 35.4124 20.3032 5.58138
psi85 = 
 4.77168e-11 10.9682 24.4267 37.7693 47.6297 51.2318 47.4701 37.4277 23.8329 9.97252  ...  1.31818 6.63746 20.9284 35.733 47.1068 51.345 46.8862 35.2778 20.2002 5.5485
psi86 = 
 -3.46959e-05 10.8141 24.1747 37.4696 47.3079 50.8944 47.1207 37.0691 23.4835 9.67594  ...  1.09439 6.53601 20.7082 35.4447 46.7846 51.0038 46.5345 34.9252 19.8732 5.29187
psi87 = 
 -5.7567e-07 10.7782 24.1147 37.4173 47.2727 50.8753 47.1155 37.0805 23.5287 9.79497  ...  1.30067 6.53043 20.6656 35.396 46.7461 50.9809 46.5297 34.9479 19.9477 5.45781
psi88 = 
 1.34504e-12 10.6744 23.9413 37.2191 47.0706 50.6742 46.9179 36.8914 23.369 9.71025  ...  1.3057 6.47157 20.5193 35.2066 46.5425 50.7759 46.3317 34.7692 19.8171 5.42116
psi89 = 
 5.60075e-05 10.5665 23.7588 37.0095 46.8571 50.4624 46.7124 36.6978 23.2106 9.63564  ...  1.32756 6.41078 20.3654 35.0063 46.3274 50.5605 46.1262 34.5873 19.6903 5.39787
psi90 = 
 -2.14963e-07 10.4461 23.5528 36.7676 46.6047 50.2082 46.4621 36.4601 23.0114 9.52594  ...  1.31979 6.34109 20.1907 34.7755 46.0743 50.3026 45.8761 34.3621 19.5243 5.34199
psi91 = 
 5.87223e-07 10.3177 23.3303 36.5042 46.3292 49.9302 46.1884 36.2007 22.7955 9.40798  ...  1.30992 6.26648 20.0018 34.5243 45.7981 50.0209 45.6028 34.1163 19.3439 5.28082
psi92 = 
 -2.88368e-11 10.177 23.0839 36.2084 46.0158 49.6112 45.8735 35.9016 22.5443 9.26247  ...  1.27868 6.18338 19.7918 34.2423 45.4847 49.6984 45.2885 33.8318 19.1302 5.19501
psi93 = 
 1.84376e-15 10.033 22.8292 35.9017 45.6914 49.2826 45.5515 35.6 22.298 9.13188  ...  1.26943 6.09874 19.575 33.9501 45.1604 49.3662 44.9677 33.5462 18.924 5.12748
psi94 = 
 3.96117e-05 9.8168 22.4491 35.4307 45.1749 48.7416 45.0032 35.0639 21.8152 8.76836  ...  1.02992 5.95867 19.2439 33.4996 44.6462 48.8216 44.4197 33.0257 18.4818 4.82837
psi95 = 
 3.00588e-08 9.72216 22.2702 35.2203 44.9674 48.55 44.8385 34.9407 21.7724 8.86945  ...  1.27117 5.91514 19.0982 33.3012 44.4374 48.6267 44.2585 32.9236 18.4866 5.0015
psi96 = 
 8.54001e-09 9.54853 21.9524 34.8265 44.5424 48.1143 44.4097 34.5394 21.4447 8.68553  ...  1.22763 5.81108 18.8263 32.9264 44.0139 48.1876 43.8317 32.542 18.206 4.88967
psi97 = 
 1.2822e-06 9.37053 21.6239 34.4178 44.1025 47.6659 43.9724 34.1359 21.1247 8.52154  ...  1.21154 5.70449 18.545 32.5375 43.5755 47.7359 43.3972 32.1601 17.936 4.80141
psi98 = 
 3.32859e-06 9.18577 21.2784 33.9845 43.635 47.1901 43.5113 33.7158 20.7997 8.36689  ...  1.21343 5.59395 18.2493 32.1254 43.1099 47.2568 42.9396 31.7637 17.6645 4.72664
psi99 = 
 3.01899e-13 8.98715 20.9038 33.51 43.1188 46.6614 42.9951 33.241 20.4253 8.17161  ...  1.17957 5.47381 17.9277 31.6741 42.5964 46.7249 42.4269 31.3135 17.3455 4.61354
psi100 = 
 -1.27149e-07 8.78253 20.5133 33.0119 42.5757 46.105 42.4534 32.7462 20.0413 7.97964  ...  1.15627 5.35008 17.5924 31.2006 42.0562 46.1653 41.8894 30.8451 17.0197 4.50724
