psi values:
psi1 = 
 2.38438e-07 -2.27855 -1.07912 -3.69173 -2.76804 -1.19213 -4.04212 -3.83584 -4.28258 -3.02042  ...  10.0191 10.5144 13.5396 12.8739 12.0562 11.4452 11.2369 13.7675 12.912 14.247
psi2 = 
 3.93909e-06 -1.80403 -0.969484 -2.8654 -2.22035 -1.01701 -2.84539 -2.81773 -3.21853 -2.28412  ...  6.65991 7.11772 9.36611 8.98642 8.29546 7.88895 7.69863 9.61981 9.05253 9.97273
psi3 = 
 -3.56576e-10 -1.68892 -0.179853 -2.74243 -1.39817 0.487713 -2.95156 -2.16859 -3.16772 -0.92542  ...  13.8789 17.3537 18.6136 18.0507 18.081 16.7586 17.2431 17.4691 17.4178 18.47
psi4 = 
 0.000313096 -1.44837 -0.131862 -2.34544 -1.15514 0.529409 -2.44154 -1.75385 -2.68414 -0.657919  ...  11.3513 14.2932 15.1961 14.8363 14.8399 13.7983 14.1993 14.3093 14.3292 15.1112
psi5 = 
 4.73752e-05 -1.33902 -0.00369058 -2.18196 -0.947915 0.750835 -2.32522 -1.54997 -2.51926 -0.398489  ...  11.38 14.8571 15.3573 15.0187 15.2062 14.0394 14.5846 14.2172 14.3826 15.0986
psi6 = 
 -1.00629e-06 -1.20763 -0.039417 -1.96764 -0.876322 0.641397 -2.06794 -1.39847 -2.26582 -0.383955  ...  9.59662 12.8347 13.1284 12.8731 13.0728 12.0319 12.5504 12.0803 12.285 12.8717
psi7 = 
 4.14349e-06 -1.16129 0.0476763 -1.90779 -0.7649 0.792063 -2.07334 -1.32222 -2.22353 -0.23642  ...  9.79033 13.0652 13.106 12.916 13.1735 12.1785 12.7242 12.0431 12.318 12.8068
psi8 = 
 2.91554e-10 -1.21037 0.305389 -2.02474 -0.572462 1.29219 -2.40741 -1.33432 -2.43411 0.0726501  ...  13.1063 18.1598 17.7105 17.3663 18.0354 16.4778 17.4213 15.8328 16.3568 16.988
psi9 = 
 -0.000111685 -1.11032 0.193096 -1.8542 -0.604603 1.03803 -2.15952 -1.2671 -2.21624 -0.0524833  ...  10.5819 14.9441 14.3931 14.1955 14.7547 13.51 14.3119 12.8335 13.3491 13.798
psi10 = 
 4.61096e-05 -1.09281 0.217811 -1.83665 -0.576818 1.06847 -2.19581 -1.28233 -2.21761 -0.0473681  ...  11.2197 16.1264 15.4112 15.1409 15.855 14.4021 15.3431 13.5827 14.1572 14.6646
psi11 = 
 -1.319e-06 -1.07136 0.24094 -1.80706 -0.542822 1.0965 -2.19551 -1.26668 -2.19562 -0.0195147  ...  11.1596 16.2352 15.3451 15.0962 15.8711 14.4144 15.3957 13.4328 14.0751 14.5389
psi12 = 
 -1.06977e-10 -1.03852 0.23307 -1.75609 -0.530251 1.06418 -2.14655 -1.2486 -2.1382 -0.0324141  ...  10.8904 16.0971 15.0565 14.8269 15.6528 14.1913 15.2073 13.084 13.7765 14.2042
psi13 = 
 -1.16814e-08 -1.00041 0.188882 -1.68924 -0.545525 0.958839 -2.05359 -1.2291 -2.05554 -0.0878663  ...  10.0838 15.157 14.038 13.8472 14.6669 13.2833 14.275 12.1186 12.8265 13.1971
psi14 = 
 1.68642e-05 -0.984367 0.19702 -1.66489 -0.53049 0.962375 -2.03987 -1.22109 -2.03202 -0.0830791  ...  10.1833 15.4867 14.2323 14.0401 14.9253 13.499 14.5424 12.2032 12.9678 13.3256
psi15 = 
 0.00140421 -0.966769 0.216172 -1.64042 -0.506068 0.981665 -2.02429 -1.20282 -2.00907 -0.0609963  ...  10.3096 15.7883 14.4096 14.2257 15.1618 13.7119 14.7947 12.3005 13.1152 13.453
psi16 = 
 2.88143e-05 -0.938988 0.160599 -1.58638 -0.535756 0.866705 -1.92606 -1.18526 -1.93159 -0.121858  ...  9.64795 15.076 13.6611 13.4807 14.4273 13.0048 14.0783 11.5538 12.3758 12.6958
psi17 = 
 1.4092e-05 -0.974924 0.326261 -1.65589 -0.411165 1.19017 -2.08659 -1.15523 -2.04035 0.102782  ...  11.6749 17.8847 16.2048 15.9959 17.1059 15.4835 16.723 13.7683 14.7237 15.0708
psi18 = 
 9.36543e-06 -0.941607 0.276985 -1.59323 -0.432752 1.08223 -1.98292 -1.13133 -1.95407 0.0470584  ...  11.019 17.176 15.446 15.256 16.3672 14.7841 16.0137 13.027 13.9957 14.3125
psi19 = 
 6.8903e-07 -0.929442 0.294414 -1.5737 -0.409769 1.10854 -1.95992 -1.10554 -1.93052 0.0789068  ...  11.1959 17.5564 15.7229 15.5317 16.6944 15.0735 16.3459 13.21 14.2266 14.5363
psi20 = 
 1.89575e-05 -0.908174 0.279382 -1.53314 -0.408578 1.06853 -1.89527 -1.07774 -1.8754 0.0696248  ...  10.9755 17.3859 15.4919 15.3081 16.4907 14.8747 16.1576 12.9516 13.9918 14.2855
psi21 = 
 -1.46022e-06 -0.880711 0.244147 -1.48095 -0.421312 0.989538 -1.80699 -1.05079 -1.80258 0.0350256  ...  10.5301 16.9047 14.9735 14.8034 15.9874 14.4006 15.6764 12.4441 13.495 13.7666
psi22 = 
 -7.37022e-07 -0.869599 0.258522 -1.46121 -0.400463 1.012 -1.78145 -1.02416 -1.77746 0.0648155  ...  10.7414 17.3056 15.2945 15.1166 16.3472 14.7174 16.0332 12.6762 13.7656 14.039
psi23 = 
 1.48994e-08 -0.8395 0.214547 -1.40362 -0.418006 0.916408 -1.67836 -0.991605 -1.69549 0.0251621  ...  10.1292 16.5433 14.5273 14.3713 15.5782 14.0133 15.2965 11.9679 13.0537 13.2957
psi24 = 
 -0.000172318 -0.823034 0.208136 -1.37173 -0.410862 0.900131 -1.63181 -0.9675 -1.65461 0.028365  ...  10.1239 16.6524 14.5814 14.4212 15.6585 14.0687 15.3767 11.9675 13.0773 13.3189
psi25 = 
 -9.65053e-06 -0.787966 0.149774 -1.30682 -0.439514 0.773456 -1.51735 -0.941811 -1.56154 -0.0370676  ...  9.38514 15.7321 13.6714 13.5326 14.7393 13.219 14.4883 11.1308 12.2285 12.4404
psi26 = 
 -1.02677e-07 -0.750991 0.0701647 -1.23566 -0.483735 0.608257 -1.38741 -0.920327 -1.45939 -0.127484  ...  8.45574 14.586 12.5556 12.4347 13.6046 12.1569 13.381 10.0997 11.1769 11.362
psi27 = 
 0.00495713 -0.730928 0.1274 -1.21697 -0.429682 0.688005 -1.39864 -0.893612 -1.45316 -0.0680933  ...  9.02139 15.4407 13.3356 13.1866 14.4235 12.887 14.1725 10.7398 11.8615 12.0704
psi28 = 
 1.81522e-13 -0.789882 0.308413 -1.31216 -0.294103 1.07125 -1.56688 -0.837896 -1.57967 0.21808  ...  11.2851 18.4558 16.1391 15.9487 17.3366 15.595 17.0376 13.2233 14.4606 14.7156
psi29 = 
 -2.62754e-06 -0.693668 0.0696113 -1.1334 -0.44461 0.581804 -1.23426 -0.820107 -1.32363 -0.0841474  ...  8.57281 15.0769 12.9184 12.7635 14.0301 12.4764 13.7821 10.2745 11.4165 11.623
psi30 = 
 -5.45037e-05 -0.744285 0.271487 -1.23173 -0.293889 0.989103 -1.44978 -0.794841 -1.47608 0.188818  ...  10.8828 18.1164 15.7472 15.5546 16.9689 15.2176 16.6749 12.7933 14.0497 14.2981
psi31 = 
 1.46756e-13 -0.715293 0.241506 -1.17931 -0.30267 0.911793 -1.36815 -0.765007 -1.40425 0.156422  ...  10.4003 17.5292 15.1653 14.9851 16.3819 14.6693 16.1052 12.2548 13.5028 13.7348
psi32 = 
 8.60377e-05 -0.670658 0.152406 -1.09705 -0.351186 0.723899 -1.2287 -0.745602 -1.29066 0.0490999  ...  9.28876 16.1233 13.8226 13.6604 15.0039 13.3773 14.7533 11.0312 12.2403 12.4475
psi33 = 
 -5.93176e-11 -0.632634 0.086041 -1.02715 -0.383373 0.581396 -1.11469 -0.724707 -1.19519 -0.0303858  ...  8.38433 14.9709 12.7162 12.5739 13.8719 12.3246 13.6482 10.0243 11.2068 11.3871
psi34 = 
 0.000340527 -0.660387 0.264801 -1.08714 -0.242478 0.92516 -1.26203 -0.672952 -1.29345 0.217941  ...  10.4098 17.6647 15.2375 15.0467 16.4834 14.7346 16.202 12.2597 13.5318 13.7669
psi35 = 
 5.75775e-05 -0.645891 0.290073 -1.06338 -0.208004 0.964217 -1.24425 -0.637654 -1.26769 0.263401  ...  10.587 17.933 15.4758 15.2768 16.7367 14.9601 16.4482 12.4535 13.7402 13.9809
psi36 = 
 -0.000850168 -0.62228 0.286553 -1.01977 -0.18958 0.947145 -1.18279 -0.591595 -1.20993 0.282142  ...  10.3317 17.5583 15.1241 14.9318 16.3718 14.6309 16.0946 12.1476 13.4199 13.6493
psi37 = 
 2.40385e-05 -0.57936 0.263439 -0.967434 -0.185456 0.880571 -1.10627 -0.562287 -1.17964 0.227552  ...  10.0306 17.1719 14.7639 14.5677 15.9976 14.2658 15.7198 11.82 13.0729 13.3012
psi38 = 
 -0.00048432 -0.519002 0.117207 -0.836136 -0.269025 0.574336 -0.89913 -0.540851 -0.966583 0.0743432  ...  7.84536 14.1983 11.9842 11.8379 13.1124 11.6104 12.8981 9.37272 10.5118 10.6839
psi39 = 
 1.76928e-08 -0.525002 0.246602 -0.858799 -0.159346 0.811192 -0.989039 -0.495632 -1.01653 0.246727  ...  9.16887 15.9005 13.5968 13.4201 14.774 13.1499 14.5205 10.8199 12.0085 12.2143
psi40 = 
 1.23433e-07 -0.548864 0.419447 -0.91526 -0.0224633 1.13938 -1.15063 -0.462179 -1.11735 0.469241  ...  11.1401 18.5858 16.1133 15.8744 17.38 15.5255 17.0526 13.0274 14.3028 14.5773
psi41 = 
 1.84793e-13 -0.438146 0.171458 -0.711352 -0.163886 0.619437 -0.794998 -0.422312 -0.832862 0.167041  ...  7.60449 13.6266 11.5454 11.3772 12.6051 11.1407 12.3734 9.04883 10.1104 10.2956
psi42 = 
 -3.84352e-06 -0.417493 0.209962 -0.68407 -0.116468 0.673833 -0.796076 -0.3921 -0.812402 0.215211  ...  7.70701 13.6031 11.5489 11.3944 12.5942 11.1679 12.3758 9.11541 10.1563 10.3299
psi43 = 
 -9.04816e-07 -0.376627 0.202777 -0.618143 -0.0925233 0.633312 -0.719442 -0.342321 -0.733637 0.216197  ...  7.1654 12.7111 10.7711 10.6231 11.757 10.4093 11.5488 8.48144 9.45705 9.62214
psi44 = 
 5.80376e-08 -0.467617 0.569818 -0.805837 0.165342 1.34412 -1.16026 -0.343506 -1.03533 0.651625  ...  12.4959 19.9232 17.7684 17.3196 18.8751 16.7638 18.3403 14.6038 15.7029 16.1892
psi45 = 
 -3.96375e-05 -0.26354 0.0776985 -0.42415 -0.12349 0.324798 -0.459746 -0.267971 -0.490965 0.0589904  ...  4.60277 8.71043 7.22533 7.12751 7.97522 6.98592 7.83474 5.53731 6.26568 6.37294
psi46 = 
 4.63079e-06 -0.320204 0.394467 -0.550557 0.119816 0.93243 -0.780888 -0.217853 -0.7024 0.467927  ...  8.85354 14.1306 12.5251 12.2376 13.346 11.8726 12.9945 10.2953 11.095 11.4074
psi47 = 
 2.84192e-12 -0.168461 0.0852334 -0.271887 -0.0450676 0.277143 -0.296814 -0.139543 -0.315265 0.104626  ...  3.87248 6.49033 5.52179 5.46711 6.00902 5.3785 5.92443 4.45866 4.9185 4.9834
psi48 = 
 -0.000350794 -0.169164 0.190332 -0.287336 0.0470219 0.459084 -0.39637 -0.119045 -0.362126 0.224542  ...  4.73856 7.52688 6.62456 6.49286 7.08266 6.3179 6.91384 5.4633 5.8934 6.03811
psi49 = 
 -2.58111e-07 -0.149777 0.361159 -0.260214 0.22704 0.771416 -0.393182 0.0474803 -0.339127 0.53212  ...  5.87747 8.52545 7.7067 7.572 8.12843 7.39743 7.95662 6.58362 7.0001 7.14259
psi50 = 
 0.000160793 -0.119845 0.25293 -0.231476 0.121295 0.51847 -0.401588 -0.082796 -0.31683 0.273491  ...  5.1116 7.02136 6.6418 6.41029 6.83875 6.14577 6.58424 5.78084 5.965 6.21333
