0.0318763
0.030973
0.0301368
0.0293345
0.0285566
0.0277981
0.0270529
0.0263124
0.0255814
0.0248585
0.0241373
0.0234215
0.02271
0.0220027
0.0212993
0.0205996
0.0199038
0.0192115
0.0185232
0.0178389
0.0171584
0.0164817
0.0158089
0.01514
0.0144752
0.0138145
0.013158
0.012506
0.0118586
0.0112155
0.0105782
0.00994625
0.00931974
0.00869891
0.00808418
0.00747582
0.00687416
0.00627948
0.00569239
0.00511342
0.00454337
0.00398294
0.00343343
0.00289643
0.00237318
0.00186932
0.00138893
0.000942072
0.000545333
0.000229661
