0.0318763
0.0310164
0.0302519
0.0295408
0.028863
0.0282076
0.0275677
0.026939
0.0263187
0.0257048
0.0250959
0.0244911
0.0238896
0.023291
0.0226948
0.0221007
0.0215084
0.020918
0.020329
0.0197415
0.0191553
0.0185704
0.0179867
0.0174041
0.0168227
0.0162424
0.0156631
0.0150849
0.0145078
0.0139318
0.0133569
0.0127831
0.0122105
0.0116391
0.011069
0.0105002
0.00993292
0.00936717
0.00880315
0.00824097
0.00768082
0.00712298
0.00656772
0.00601539
0.00546646
0.00492149
0.00438122
0.00384663
0.00331904
0.00280026
