0.0342128
0.0329719
0.031754
0.0305591
0.0293864
0.0282371
0.0271102
0.0260062
0.0249248
0.0238661
0.0228304
0.0218176
0.0208273
0.01986
0.0189152
0.0179933
0.0170944
0.0162184
0.0153651
0.0145345
0.0137268
0.012942
0.01218
0.0114409
0.0107247
0.0100312
0.00936078
0.00871322
0.00808856
0.00748683
0.00690802
0.00635225
0.00581932
0.00530944
0.00482256
0.00435873
0.00391793
0.00350025
0.00310566
0.00273416
0.0023859
0.00206085
0.00175907
0.00148061
0.00122554
0.000993967
0.00078596
0.000601643
0.000441192
0.000304811
