psi sys matrix & rhs
A(psi_1) = 
            1 0 0 0 0 0 0 0 0 0   ...  0 0 0 0 0 0 0 0 0 0 
            -0.999999 2 0 0 0 0 0 0 0 0   ...  0 0 0 0 0 0 0 0 0 0 
            0 -0.999999 2 0 0 0 0 0 0 0   ...  0 0 0 0 0 0 0 0 0 0 
            0 0 -0.999999 2 0 0 0 0 0 0   ...  0 0 0 0 0 0 0 0 0 0 
            0 0 0 -0.999999 2 0 0 0 0 0   ...  0 0 0 0 0 0 0 0 0 0 
            0 0 0 0 -0.999999 2 0 0 0 0   ...  0 0 0 0 0 0 0 0 0 0 
            0 0 0 0 0 -0.999999 2 0 0 0   ...  0 0 0 0 0 0 0 0 0 0 
            0 0 0 0 0 0 -0.999999 2 0 0   ...  0 0 0 0 0 0 0 0 0 0 
            0 0 0 0 0 0 0 -1 2 0   ...  0 0 0 0 0 0 0 0 0 0 
            0 0 0 0 0 0 0 0 -1 2   ...  0 0 0 0 0 0 0 0 0 0 
              .
              .
              .
            0 0 0 0 0 0 0 0 0 0   ...  0 0 0 0 0 0 0 0 0 0 
            0 0 0 0 0 0 0 0 0 0   ...  0 0 0 0 0 0 0 0 0 0 
            0 0 0 0 0 0 0 0 0 0   ...  0 0 0 0 0 0 0 0 0 0 
            0 0 0 0 0 0 0 0 0 0   ...  0 0 0 0 0 0 0 0 0 0 
            0 0 0 0 0 0 0 0 0 0   ...  0 0 0 0 0 0 0 0 0 0 
            0 0 0 0 0 0 0 0 0 0   ...  0 0 0 0 0 0 0 0 0 0 
            0 0 0 0 0 0 0 0 0 0   ...  0 0 0 0 0 0 0 0 0 0 
            0 0 0 0 0 0 0 0 0 0   ...  0 0 0 0 0 0 0 0 0 0 
            0 0 0 0 0 0 0 0 0 0   ...  0 0 0 0 0 0 0 0 0 0 
            0 0 0 0 0 0 0 0 0 0   ...  0 0 0 0 0 0 0 0 0 0 

b(psi_1) = 
 0 -nan(ind) -nan(ind) -nan(ind) -nan(ind) -nan(ind) -nan(ind) -nan(ind) -nan(ind) -nan(ind)  ...  -nan(ind) -nan(ind) -nan(ind) -nan(ind) -nan(ind) -nan(ind) -nan(ind) -nan(ind) -nan(ind) -nan(ind)
