0.136043
0.130459
0.125178
0.120186
0.11547
0.111021
0.106826
0.102874
0.0991536
0.0956527
0.0923614
0.089268
0.0863623
0.0836338
0.0810726
0.0786684
0.076412
0.0742941
0.072306
0.0704395
0.0686868
0.0670401
0.0654926
0.064038
0.0626698
0.0613828
0.0601713
0.0590304
0.0579554
0.0569419
0.0559859
0.0550836
0.0542314
0.053426
0.0526647
0.0519444
0.0512629
0.0506175
0.0500061
0.0494267
0.0488771
0.0483557
0.0478606
0.0473904
0.0469435
0.0465186
0.0461145
0.0457299
0.0453638
0.0450153
0.0446834
0.0443672
0.0440659
0.0437787
0.0435049
0.0432438
0.0429946
0.0427568
0.0425297
0.0423128
0.0421054
0.0419071
0.0417176
0.0415362
0.0413627
0.0411968
0.041038
0.040886
0.0407405
0.0406012
0.0404678
0.0403401
0.0402177
0.0401006
0.0399882
0.0398806
0.0397773
0.0396782
0.0395831
0.0394917
0.039404
0.0393197
0.0392388
0.039161
0.0390863
0.0390145
0.0389455
0.0388791
0.0388152
0.0387537
0.0386945
0.0386374
0.0385824
0.0385293
0.038478
0.0384284
0.0383805
0.0383339
0.0382889
0.0382451
0.0382026
0.0381614
0.0381212
0.0380826
0.0380444
0.0380079
0.0379715
0.0379369
0.0379021
0.037869
0.0378356
0.0378034
0.0377709
0.0377395
0.0377078
0.0376775
0.0376475
0.0376184
0.0375905
0.0375632
0.0375378
0.0375151
0.037494
0.0374725
0.0374541
0.0374352
0.037419
0.0374041
0.037392
0.0373785
0.037368
0.0373579
0.0373491
0.0373409
0.0373345
0.037328
0.0373231
0.0373192
0.037315
0.0373125
0.0373107
0.0373082
0.0373071
0.0373062
0.0373043
0.037304
0.0373028
0.0373027
0.0373004
0.037301
0.0372989
0.0366753
0.0362239
0.0358774
0.0355976
0.0353635
0.0351634
0.0349898
0.0348378
0.034704
