psi values:
psi1 = 
 -9.19605e-22 -3.65993 -3.66466 -4.66016 -4.42596 -4.04739 -4.26889 -3.90796 -4.31503 -4.39977  ...  -4.49921 -4.642 -3.9595 -4.37185 -4.15716 -4.14485 -4.34791 -4.71134 -4.6085 -4.6211
psi2 = 
 -7.56348e-10 -3.9772 -4.26293 -4.97857 -4.73465 -4.22908 -4.62554 -4.12909 -4.65099 -4.71103  ...  -4.86374 -5.00627 -4.31439 -4.74367 -4.5244 -4.5161 -4.72743 -5.08662 -4.99061 -4.99923
psi3 = 
 -6.24433e-12 -4.29019 -4.86813 -5.31086 -5.05423 -4.41297 -4.9958 -4.35822 -4.99026 -5.02216  ...  -5.22717 -5.36883 -4.66419 -5.10945 -4.88595 -4.88225 -5.10217 -5.45788 -5.36806 -5.37199
psi4 = 
 -5.35533e-18 -4.60168 -5.48258 -5.65874 -5.38799 -4.60631 -5.37888 -4.59302 -5.33415 -5.33896  ...  -5.59221 -5.73307 -5.01205 -5.47368 -5.24559 -5.24628 -5.47486 -5.82898 -5.7442 -5.74368
psi5 = 
 -5.85276e-15 -4.91463 -6.11385 -6.02697 -5.74 -4.80977 -5.78214 -4.84045 -5.68608 -5.66311  ...  -5.96223 -6.10216 -5.36085 -5.83879 -5.606 -5.61128 -5.84887 -6.20293 -6.12219 -6.11697
psi6 = 
 -2.92246e-11 -5.23398 -6.76557 -6.41851 -6.11408 -5.02883 -6.2088 -5.10517 -6.05187 -6.00037  ...  -6.34255 -6.48138 -5.7159 -6.21042 -5.97271 -5.98262 -6.22954 -6.58519 -6.50748 -6.49743
psi7 = 
 -8.94546e-10 -5.56457 -7.44657 -6.83934 -6.51741 -5.26939 -6.66432 -5.39098 -6.43584 -6.35609  ...  -6.73853 -6.8762 -6.0821 -6.59377 -6.35071 -6.36538 -6.62212 -6.98132 -6.9055 -6.89052
psi8 = 
 -1.92452e-18 -5.91688 -8.16959 -7.30132 -6.96091 -5.54096 -7.16104 -5.70787 -6.85076 -6.74203  ...  -7.16257 -7.29894 -6.47079 -7.00073 -6.75168 -6.7713 -7.03881 -7.4035 -7.32851 -7.3083
psi9 = 
 -3.31075e-17 -6.29986 -8.94778 -7.81403 -7.45583 -5.85422 -7.70916 -6.0655 -7.30523 -7.16736  ...  -7.62366 -7.75862 -6.891 -7.44054 -7.18474 -7.20945 -7.48861 -7.86091 -7.78566 -7.76005
psi10 = 
 -1.05025e-18 -6.73035 -9.8009 -8.39583 -8.01999 -6.22447 -8.32702 -6.47996 -7.81816 -7.65164  ...  -8.14108 -8.27465 -7.36067 -7.93224 -7.6684 -7.69822 -7.99035 -8.37307 -8.29625 -8.26513
psi11 = 
 -1.94845e-12 -7.23115 -10.7572 -9.07331 -8.67933 -6.67419 -9.04169 -6.9738 -8.41531 -8.21931  ...  -8.74053 -8.87271 -7.90372 -8.50062 -8.22708 -8.26216 -8.56913 -8.96541 -8.88568 -8.84887
psi12 = 
 -4.34983e-10 -7.84277 -11.8598 -9.89085 -9.47799 -7.24271 -9.89728 -7.58689 -9.14105 -8.91549  ...  -9.46711 -9.59802 -8.56257 -9.18987 -8.9041 -8.94457 -9.26909 -9.68314 -9.59896 -9.55621
psi13 = 
 -1.67438e-11 -8.63474 -13.1739 -10.923 -10.4888 -7.99707 -10.968 -8.38781 -10.0718 -9.81557  ...  -10.3979 -10.5277 -9.41 -10.0753 -9.77362 -9.81977 -10.1659 -10.6032 -10.5129 -10.4638
psi14 = 
 -5.53464e-12 -9.75883 -14.8252 -12.3284 -11.8664 -9.08456 -12.4088 -9.52355 -11.3721 -11.0845  ...  -11.6995 -11.8286 -10.6044 -11.3207 -10.9969 -11.0489 -11.4233 -11.8923 -11.7938 -11.7378
psi15 = 
 6.30883e-13 -11.6081 -17.1345 -14.5212 -14.0108 -10.8835 -14.6266 -11.3783 -13.4718 -13.1492  ...  -13.8051 -13.9344 -12.5556 -13.349 -12.9909 -13.0495 -13.4656 -13.9825 -13.8722 -13.8083
psi16 = 
 -3.4732e-11 -15.5667 -21.5395 -19.0681 -18.4313 -14.7594 -19.1912 -15.3452 -17.9158 -17.5396  ...  -18.256 -18.3852 -16.7054 -17.649 -17.2216 -17.2895 -17.7857 -18.4026 -18.2652 -18.1896
psi17 = 
 9.86909e-10 -30.1416 -40.7824 -36.8269 -35.6668 -29.468 -37.2662 -30.4261 -34.5571 -33.9688  ...  -34.7268 -34.8377 -31.9083 -33.3913 -32.7019 -32.7986 -33.5898 -34.6627 -34.3491 -34.2391
psi18 = 
 1.0863e-14 -310.625 -495.472 -404.592 -394.385 -321.458 -416.134 -330.424 -362.239 -357.158  ...  -355.388 -355.079 -323.567 -335.731 -329.613 -330.205 -336.906 -348.732 -343.1 -342.484
