psi sys matrix & rhs
A(psi_1) = 
            1 0 0 0 0 0 0 0 0 0   ...  0 0 0 0 0 0 0 0 0 0 
            0 3.61945 0 0 0 0 0 0 0 0   ...  0 0 0 0 0 0 0 0 0 0 
            0 0 3.61945 0 0 0 0 0 0 0   ...  0 0 0 0 0 0 0 0 0 0 
            0 0 0 3.61945 0 0 0 0 0 0   ...  0 0 0 0 0 0 0 0 0 0 
            0 0 0 0 3.61945 0 0 0 0 0   ...  0 0 0 0 0 0 0 0 0 0 
            0 0 0 0 0 3.61945 0 0 0 0   ...  0 0 0 0 0 0 0 0 0 0 
            0 0 0 0 0 0 3.61946 0 0 0   ...  0 0 0 0 0 0 0 0 0 0 
            0 0 0 0 0 0 0 3.61945 0 0   ...  0 0 0 0 0 0 0 0 0 0 
            0 0 0 0 0 0 0 0 3.61945 0   ...  0 0 0 0 0 0 0 0 0 0 
            0 0 0 0 0 0 0 0 0 3.61945   ...  0 0 0 0 0 0 0 0 0 0 
              .
              .
              .
            0 0 0 0 0 0 0 0 0 0   ...  3.49697 -0.701121 0 0 0 0 0 0 0 0 
            0 0 0 0 0 0 0 0 0 0   ...  -0.701121 3.4722 0 0 0 0 0 -0.599959 0 0 
            0 0 0 0 0 0 0 0 0 0   ...  0 0 3.51048 0 -0.673332 -0.673332 0 0 0 0 
            0 0 0 0 0 0 0 0 0 0   ...  0 0 0 3.4722 -0.701121 0 0 0 0 -0.599959 
            0 0 0 0 0 0 0 0 0 0   ...  0 0 -0.673332 -0.701121 3.49697 -0.389198 0 0 0 0 
            0 0 0 0 0 0 0 0 0 0   ...  0 0 -0.673332 0 -0.389198 3.49697 -0.701121 0 0 0 
            0 0 0 0 0 0 0 0 0 0   ...  0 0 0 0 0 -0.701121 3.4722 0 -0.599959 0 
            0 0 0 0 0 0 0 0 0 0   ...  0 -0.599959 0 0 0 0 0 3.45067 -0.56962 -0.56962 
            0 0 0 0 0 0 0 0 0 0   ...  0 0 0 0 0 0 -0.599959 -0.56962 3.45067 -0.56962 
            0 0 0 0 0 0 0 0 0 0   ...  0 0 0 -0.599959 0 0 0 -0.56962 -0.56962 3.45067 

b(psi_1) = 
 0 0.34906 0.372838 0.307961 0.315503 0.322358 0.321568 0.32717 0.344947 0.341619  ...  0.0832931 -0.062891 0.0917058 -0.0537269 0.0863545 0.0862746 -0.0530188 -0.335456 -0.34061 -0.340708
A(psi_2) = 
            1 0 0 0 0 0 0 0 0 0   ...  0 0 0 0 0 0 0 0 0 0 
            0 3.62133 0 0 0 0 0 0 0 0   ...  0 0 0 0 0 0 0 0 0 0 
            0 0 3.62107 0 0 0 0 0 0 0   ...  0 0 0 0 0 0 0 0 0 0 
            0 0 0 3.62154 0 0 0 0 0 0   ...  0 0 0 0 0 0 0 0 0 0 
            0 0 0 0 3.62149 0 0 0 0 0   ...  0 0 0 0 0 0 0 0 0 0 
            0 0 0 0 0 3.62072 0 0 0 0   ...  0 0 0 0 0 0 0 0 0 0 
            0 0 0 0 0 0 3.62179 0 0 0   ...  0 0 0 0 0 0 0 0 0 0 
            0 0 0 0 0 0 0 3.6207 0 0   ...  0 0 0 0 0 0 0 0 0 0 
            0 0 0 0 0 0 0 0 3.62087 0   ...  0 0 0 0 0 0 0 0 0 0 
            0 0 0 0 0 0 0 0 0 3.62095   ...  0 0 0 0 0 0 0 0 0 0 
              .
              .
              .
            0 0 0 0 0 0 0 0 0 0   ...  3.49701 -0.699583 0 0 0 0 0 0 0 0 
            0 0 0 0 0 0 0 0 0 0   ...  -0.699583 3.47277 0 0 0 0 0 -0.601248 0 0 
            0 0 0 0 0 0 0 0 0 0   ...  0 0 3.51068 0 -0.672932 -0.67296 0 0 0 0 
            0 0 0 0 0 0 0 0 0 0   ...  0 0 0 3.47189 -0.699286 0 0 0 0 -0.601317 
            0 0 0 0 0 0 0 0 0 0   ...  0 0 -0.672932 -0.699286 3.49709 -0.388536 0 0 0 0 
            0 0 0 0 0 0 0 0 0 0   ...  0 0 -0.67296 0 -0.388536 3.49721 -0.699306 0 0 0 
            0 0 0 0 0 0 0 0 0 0   ...  0 0 0 0 0 -0.699306 3.47202 0 -0.601384 0 
            0 0 0 0 0 0 0 0 0 0   ...  0 -0.601248 0 0 0 0 0 3.44965 -0.569644 -0.569634 
            0 0 0 0 0 0 0 0 0 0   ...  0 0 0 0 0 0 -0.601384 -0.569644 3.45037 -0.569015 
            0 0 0 0 0 0 0 0 0 0   ...  0 0 0 -0.601317 0 0 0 -0.569634 -0.569015 3.45029 

b(psi_2) = 
 0 0.331189 0.347111 0.300212 0.306015 0.31195 0.310518 0.31594 0.328191 0.325238  ...  0.0728821 -0.0715609 0.0820953 -0.067017 0.0735166 0.0733795 -0.0664625 -0.347542 -0.354332 -0.354308
A(psi_3) = 
            1 0 0 0 0 0 0 0 0 0   ...  0 0 0 0 0 0 0 0 0 0 
            0 3.6228 0 0 0 0 0 0 0 0   ...  0 0 0 0 0 0 0 0 0 0 
            0 0 3.6224 0 0 0 0 0 0 0   ...  0 0 0 0 0 0 0 0 0 0 
            0 0 0 3.62318 0 0 0 0 0 0   ...  0 0 0 0 0 0 0 0 0 0 
            0 0 0 0 3.62308 0 0 0 0 0   ...  0 0 0 0 0 0 0 0 0 0 
            0 0 0 0 0 3.62168 0 0 0 0   ...  0 0 0 0 0 0 0 0 0 0 
            0 0 0 0 0 0 3.62359 0 0 0   ...  0 0 0 0 0 0 0 0 0 0 
            0 0 0 0 0 0 0 3.62164 0 0   ...  0 0 0 0 0 0 0 0 0 0 
            0 0 0 0 0 0 0 0 3.62205 0   ...  0 0 0 0 0 0 0 0 0 0 
            0 0 0 0 0 0 0 0 0 3.62222   ...  0 0 0 0 0 0 0 0 0 0 
              .
              .
              .
            0 0 0 0 0 0 0 0 0 0   ...  3.49706 -0.698104 0 0 0 0 0 0 0 0 
            0 0 0 0 0 0 0 0 0 0   ...  -0.698104 3.47339 0 0 0 0 0 -0.602578 0 0 
            0 0 0 0 0 0 0 0 0 0   ...  0 0 3.51097 0 -0.672633 -0.672694 0 0 0 0 
            0 0 0 0 0 0 0 0 0 0   ...  0 0 0 3.47159 -0.697583 0 0 0 0 -0.602604 
            0 0 0 0 0 0 0 0 0 0   ...  0 0 -0.672633 -0.697583 3.49728 -0.38772 0 0 0 0 
            0 0 0 0 0 0 0 0 0 0   ...  0 0 -0.672694 0 -0.38772 3.49751 -0.697611 0 0 0 
            0 0 0 0 0 0 0 0 0 0   ...  0 0 0 0 0 -0.697611 3.47182 0 -0.602737 0 
            0 0 0 0 0 0 0 0 0 0   ...  0 -0.602578 0 0 0 0 0 3.44859 -0.569791 -0.569756 
            0 0 0 0 0 0 0 0 0 0   ...  0 0 0 0 0 0 -0.602737 -0.569791 3.44996 -0.568114 
            0 0 0 0 0 0 0 0 0 0   ...  0 0 0 -0.602604 0 0 0 -0.569756 -0.568114 3.44981 

b(psi_3) = 
 0 0.314161 0.322719 0.291931 0.296326 0.301957 0.299685 0.304942 0.31223 0.310021  ...  0.0629989 -0.0797948 0.0725233 -0.0795771 0.0609405 0.0607356 -0.0795881 -0.35833 -0.367434 -0.367025
A(psi_4) = 
            1 0 0 0 0 0 0 0 0 0   ...  0 0 0 0 0 0 0 0 0 0 
            0 3.62399 0 0 0 0 0 0 0 0   ...  0 0 0 0 0 0 0 0 0 0 
            0 0 3.62361 0 0 0 0 0 0 0   ...  0 0 0 0 0 0 0 0 0 0 
            0 0 0 3.6245 0 0 0 0 0 0   ...  0 0 0 0 0 0 0 0 0 0 
            0 0 0 0 3.62434 0 0 0 0 0   ...  0 0 0 0 0 0 0 0 0 0 
            0 0 0 0 0 3.62241 0 0 0 0   ...  0 0 0 0 0 0 0 0 0 0 
            0 0 0 0 0 0 3.62502 0 0 0   ...  0 0 0 0 0 0 0 0 0 0 
            0 0 0 0 0 0 0 3.62238 0 0   ...  0 0 0 0 0 0 0 0 0 0 
            0 0 0 0 0 0 0 0 3.62303 0   ...  0 0 0 0 0 0 0 0 0 0 
            0 0 0 0 0 0 0 0 0 3.62331   ...  0 0 0 0 0 0 0 0 0 0 
              .
              .
              .
            0 0 0 0 0 0 0 0 0 0   ...  3.49711 -0.696705 0 0 0 0 0 0 0 0 
            0 0 0 0 0 0 0 0 0 0   ...  -0.696705 3.47405 0 0 0 0 0 -0.603914 0 0 
            0 0 0 0 0 0 0 0 0 0   ...  0 0 3.51137 0 -0.67243 -0.672535 0 0 0 0 
            0 0 0 0 0 0 0 0 0 0   ...  0 0 0 3.47127 -0.695996 0 0 0 0 -0.603803 
            0 0 0 0 0 0 0 0 0 0   ...  0 0 -0.67243 -0.695996 3.49756 -0.386763 0 0 0 0 
            0 0 0 0 0 0 0 0 0 0   ...  0 0 -0.672535 0 -0.386763 3.49787 -0.696045 0 0 0 
            0 0 0 0 0 0 0 0 0 0   ...  0 0 0 0 0 -0.696045 3.4716 0 -0.604024 0 
            0 0 0 0 0 0 0 0 0 0   ...  0 -0.603914 0 0 0 0 0 3.44745 -0.570065 -0.569975 
            0 0 0 0 0 0 0 0 0 0   ...  0 0 0 0 0 0 -0.604024 -0.570065 3.44945 -0.566919 
            0 0 0 0 0 0 0 0 0 0   ...  0 0 0 -0.603803 0 0 0 -0.569975 -0.566919 3.44918 

b(psi_4) = 
 0 0.297947 0.299503 0.283324 0.286515 0.292238 0.289027 0.294447 0.296851 0.295832  ...  0.05372 -0.087707 0.0631015 -0.0916525 0.0487827 0.0484269 -0.0921104 -0.367967 -0.379893 -0.379188
A(psi_5) = 
            1 0 0 0 0 0 0 0 0 0   ...  0 0 0 0 0 0 0 0 0 0 
            0 3.62498 0 0 0 0 0 0 0 0   ...  0 0 0 0 0 0 0 0 0 0 
            0 0 3.62481 0 0 0 0 0 0 0   ...  0 0 0 0 0 0 0 0 0 0 
            0 0 0 3.62559 0 0 0 0 0 0   ...  0 0 0 0 0 0 0 0 0 0 
            0 0 0 0 3.62538 0 0 0 0 0   ...  0 0 0 0 0 0 0 0 0 0 
            0 0 0 0 0 3.623 0 0 0 0   ...  0 0 0 0 0 0 0 0 0 0 
            0 0 0 0 0 0 3.6262 0 0 0   ...  0 0 0 0 0 0 0 0 0 0 
            0 0 0 0 0 0 0 3.62298 0 0   ...  0 0 0 0 0 0 0 0 0 0 
            0 0 0 0 0 0 0 0 3.62391 0   ...  0 0 0 0 0 0 0 0 0 0 
            0 0 0 0 0 0 0 0 0 3.62417   ...  0 0 0 0 0 0 0 0 0 0 
              .
              .
              .
            0 0 0 0 0 0 0 0 0 0   ...  3.49718 -0.695422 0 0 0 0 0 0 0 0 
            0 0 0 0 0 0 0 0 0 0   ...  -0.695422 3.47476 0 0 0 0 0 -0.605236 0 0 
            0 0 0 0 0 0 0 0 0 0   ...  0 0 3.51186 0 -0.672315 -0.672478 0 0 0 0 
            0 0 0 0 0 0 0 0 0 0   ...  0 0 0 3.4709 -0.694513 0 0 0 0 -0.604919 
            0 0 0 0 0 0 0 0 0 0   ...  0 0 -0.672315 -0.694513 3.49791 -0.385676 0 0 0 0 
            0 0 0 0 0 0 0 0 0 0   ...  0 0 -0.672478 0 -0.385676 3.4983 -0.694604 0 0 0 
            0 0 0 0 0 0 0 0 0 0   ...  0 0 0 0 0 -0.694604 3.47136 0 -0.605243 0 
            0 0 0 0 0 0 0 0 0 0   ...  0 -0.605236 0 0 0 0 0 3.44619 -0.570455 -0.570288 
            0 0 0 0 0 0 0 0 0 0   ...  0 0 0 0 0 0 -0.605243 -0.570455 3.44884 -0.565444 
            0 0 0 0 0 0 0 0 0 0   ...  0 0 0 -0.604919 0 0 0 -0.570288 -0.565444 3.44842 

b(psi_5) = 
 0 0.282552 0.277414 0.274545 0.276722 0.28294 0.278583 0.284503 0.282589 0.282099  ...  0.044846 -0.0953351 0.053862 -0.103311 0.0369943 0.0364786 -0.104363 -0.376574 -0.391801 -0.390681
A(psi_6) = 
            1 0 0 0 0 0 0 0 0 0   ...  0 0 0 0 0 0 0 0 0 0 
            0 3.62583 0 0 0 0 0 0 0 0   ...  0 0 0 0 0 0 0 0 0 0 
            0 0 3.62608 0 0 0 0 0 0 0   ...  0 0 0 0 0 0 0 0 0 0 
            0 0 0 3.6265 0 0 0 0 0 0   ...  0 0 0 0 0 0 0 0 0 0 
            0 0 0 0 3.62625 0 0 0 0 0   ...  0 0 0 0 0 0 0 0 0 0 
            0 0 0 0 0 3.62349 0 0 0 0   ...  0 0 0 0 0 0 0 0 0 0 
            0 0 0 0 0 0 3.62722 0 0 0   ...  0 0 0 0 0 0 0 0 0 0 
            0 0 0 0 0 0 0 3.62348 0 0   ...  0 0 0 0 0 0 0 0 0 0 
            0 0 0 0 0 0 0 0 3.62474 0   ...  0 0 0 0 0 0 0 0 0 0 
            0 0 0 0 0 0 0 0 0 3.62495   ...  0 0 0 0 0 0 0 0 0 0 
              .
              .
              .
            0 0 0 0 0 0 0 0 0 0   ...  3.49733 -0.694282 0 0 0 0 0 0 0 0 
            0 0 0 0 0 0 0 0 0 0   ...  -0.694282 3.47553 0 0 0 0 0 -0.606512 0 0 
            0 0 0 0 0 0 0 0 0 0   ...  0 0 3.51246 0 -0.672285 -0.67252 0 0 0 0 
            0 0 0 0 0 0 0 0 0 0   ...  0 0 0 3.47054 -0.693134 0 0 0 0 -0.605946 
            0 0 0 0 0 0 0 0 0 0   ...  0 0 -0.672285 -0.693134 3.4983 -0.38447 0 0 0 0 
            0 0 0 0 0 0 0 0 0 0   ...  0 0 -0.67252 0 -0.38447 3.49878 -0.693299 0 0 0 
            0 0 0 0 0 0 0 0 0 0   ...  0 0 0 0 0 -0.693299 3.47115 0 -0.606383 0 
            0 0 0 0 0 0 0 0 0 0   ...  0 -0.606512 0 0 0 0 0 3.44478 -0.570955 -0.570688 
            0 0 0 0 0 0 0 0 0 0   ...  0 0 0 0 0 0 -0.606383 -0.570955 3.44808 -0.5637 
            0 0 0 0 0 0 0 0 0 0   ...  0 0 0 -0.605946 0 0 0 -0.570688 -0.5637 3.4475 

b(psi_6) = 
 0 0.267992 0.256508 0.265788 0.267123 0.274137 0.268508 0.275061 0.26929 0.269001  ...  0.0366555 -0.102646 0.044889 -0.114213 0.0255462 0.024854 -0.115896 -0.384174 -0.403098 -0.401519
A(psi_7) = 
            1 0 0 0 0 0 0 0 0 0   ...  0 0 0 0 0 0 0 0 0 0 
            0 3.6266 0 0 0 0 0 0 0 0   ...  0 0 0 0 0 0 0 0 0 0 
            0 0 3.62747 0 0 0 0 0 0 0   ...  0 0 0 0 0 0 0 0 0 0 
            0 0 0 3.62729 0 0 0 0 0 0   ...  0 0 0 0 0 0 0 0 0 0 
            0 0 0 0 3.62702 0 0 0 0 0   ...  0 0 0 0 0 0 0 0 0 0 
            0 0 0 0 0 3.6239 0 0 0 0   ...  0 0 0 0 0 0 0 0 0 0 
            0 0 0 0 0 0 3.62813 0 0 0   ...  0 0 0 0 0 0 0 0 0 0 
            0 0 0 0 0 0 0 3.62391 0 0   ...  0 0 0 0 0 0 0 0 0 0 
            0 0 0 0 0 0 0 0 3.62548 0   ...  0 0 0 0 0 0 0 0 0 0 
            0 0 0 0 0 0 0 0 0 3.6257   ...  0 0 0 0 0 0 0 0 0 0 
              .
              .
              .
            0 0 0 0 0 0 0 0 0 0   ...  3.49753 -0.693309 0 0 0 0 0 0 0 0 
            0 0 0 0 0 0 0 0 0 0   ...  -0.693309 3.47638 0 0 0 0 0 -0.607707 0 0 
            0 0 0 0 0 0 0 0 0 0   ...  0 0 3.51314 0 -0.672334 -0.672653 0 0 0 0 
            0 0 0 0 0 0 0 0 0 0   ...  0 0 0 3.47007 -0.691825 0 0 0 0 -0.606875 
            0 0 0 0 0 0 0 0 0 0   ...  0 0 -0.672334 -0.691825 3.49877 -0.38317 0 0 0 0 
            0 0 0 0 0 0 0 0 0 0   ...  0 0 -0.672653 0 -0.38317 3.49936 -0.692115 0 0 0 
            0 0 0 0 0 0 0 0 0 0   ...  0 0 0 0 0 -0.692115 3.47093 0 -0.607436 0 
            0 0 0 0 0 0 0 0 0 0   ...  0 -0.607707 0 0 0 0 0 3.44314 -0.571548 -0.571169 
            0 0 0 0 0 0 0 0 0 0   ...  0 0 0 0 0 0 -0.607436 -0.571548 3.44719 -0.561703 
            0 0 0 0 0 0 0 0 0 0   ...  0 0 0 -0.606875 0 0 0 -0.571169 -0.561703 3.44644 

b(psi_7) = 
 0 0.254285 0.236851 0.257205 0.257829 0.265878 0.258905 0.266137 0.256768 0.25702  ...  0.028951 -0.109674 0.036209 -0.124441 0.0145373 0.013615 -0.126886 -0.390861 -0.413979 -0.411758
A(psi_8) = 
            1 0 0 0 0 0 0 0 0 0   ...  0 0 0 0 0 0 0 0 0 0 
            0 3.6273 0 0 0 0 0 0 0 0   ...  0 0 0 0 0 0 0 0 0 0 
            0 0 3.62905 0 0 0 0 0 0 0   ...  0 0 0 0 0 0 0 0 0 0 
            0 0 0 3.62799 0 0 0 0 0 0   ...  0 0 0 0 0 0 0 0 0 0 
            0 0 0 0 3.62772 0 0 0 0 0   ...  0 0 0 0 0 0 0 0 0 0 
            0 0 0 0 0 3.62427 0 0 0 0   ...  0 0 0 0 0 0 0 0 0 0 
            0 0 0 0 0 0 3.62898 0 0 0   ...  0 0 0 0 0 0 0 0 0 0 
            0 0 0 0 0 0 0 3.62431 0 0   ...  0 0 0 0 0 0 0 0 0 0 
            0 0 0 0 0 0 0 0 3.62618 0   ...  0 0 0 0 0 0 0 0 0 0 
            0 0 0 0 0 0 0 0 0 3.62641   ...  0 0 0 0 0 0 0 0 0 0 
              .
              .
              .
            0 0 0 0 0 0 0 0 0 0   ...  3.49777 -0.692531 0 0 0 0 0 0 0 0 
            0 0 0 0 0 0 0 0 0 0   ...  -0.692531 3.47731 0 0 0 0 0 -0.608765 0 0 
            0 0 0 0 0 0 0 0 0 0   ...  0 0 3.51393 0 -0.672453 -0.672867 0 0 0 0 
            0 0 0 0 0 0 0 0 0 0   ...  0 0 0 3.46943 -0.69056 0 0 0 0 -0.607671 
            0 0 0 0 0 0 0 0 0 0   ...  0 0 -0.672453 -0.69056 3.49931 -0.381791 0 0 0 0 
            0 0 0 0 0 0 0 0 0 0   ...  0 0 -0.672867 0 -0.381791 3.50004 -0.690994 0 0 0 
            0 0 0 0 0 0 0 0 0 0   ...  0 0 0 0 0 -0.690994 3.47055 0 -0.608368 0 
            0 0 0 0 0 0 0 0 0 0   ...  0 -0.608765 0 0 0 0 0 3.44121 -0.572216 -0.571698 
            0 0 0 0 0 0 0 0 0 0   ...  0 0 0 0 0 0 -0.608368 -0.572216 3.44615 -0.559472 
            0 0 0 0 0 0 0 0 0 0   ...  0 0 0 -0.607671 0 0 0 -0.571698 -0.559472 3.44518 

b(psi_8) = 
 0 0.241465 0.218648 0.248918 0.248899 0.258015 0.249794 0.257806 0.245068 0.245789  ...  0.0217095 -0.116705 0.0278472 -0.13431 0.00386384 0.0027473 -0.137738 -0.396715 -0.424601 -0.421564
A(psi_9) = 
            1 0 0 0 0 0 0 0 0 0   ...  0 0 0 0 0 0 0 0 0 0 
            0 3.62797 0 0 0 0 0 0 0 0   ...  0 0 0 0 0 0 0 0 0 0 
            0 0 3.63084 0 0 0 0 0 0 0   ...  0 0 0 0 0 0 0 0 0 0 
            0 0 0 3.62863 0 0 0 0 0 0   ...  0 0 0 0 0 0 0 0 0 0 
            0 0 0 0 3.62839 0 0 0 0 0   ...  0 0 0 0 0 0 0 0 0 0 
            0 0 0 0 0 3.62464 0 0 0 0   ...  0 0 0 0 0 0 0 0 0 0 
            0 0 0 0 0 0 3.62983 0 0 0   ...  0 0 0 0 0 0 0 0 0 0 
            0 0 0 0 0 0 0 3.62468 0 0   ...  0 0 0 0 0 0 0 0 0 0 
            0 0 0 0 0 0 0 0 3.62688 0   ...  0 0 0 0 0 0 0 0 0 0 
            0 0 0 0 0 0 0 0 0 3.6271   ...  0 0 0 0 0 0 0 0 0 0 
              .
              .
              .
            0 0 0 0 0 0 0 0 0 0   ...  3.49805 -0.691993 0 0 0 0 0 0 0 0 
            0 0 0 0 0 0 0 0 0 0   ...  -0.691993 3.47838 0 0 0 0 0 -0.609626 0 0 
            0 0 0 0 0 0 0 0 0 0   ...  0 0 3.51481 0 -0.672633 -0.673154 0 0 0 0 
            0 0 0 0 0 0 0 0 0 0   ...  0 0 0 3.46863 -0.68931 0 0 0 0 -0.608315 
            0 0 0 0 0 0 0 0 0 0   ...  0 0 -0.672633 -0.68931 3.49996 -0.38036 0 0 0 0 
            0 0 0 0 0 0 0 0 0 0   ...  0 0 -0.673154 0 -0.38036 3.5008 -0.68992 0 0 0 
            0 0 0 0 0 0 0 0 0 0   ...  0 0 0 0 0 -0.68992 3.47007 0 -0.609169 0 
            0 0 0 0 0 0 0 0 0 0   ...  0 -0.609626 0 0 0 0 0 3.43885 -0.572943 -0.572251 
            0 0 0 0 0 0 0 0 0 0   ...  0 0 0 0 0 0 -0.609169 -0.572943 3.44494 -0.557037 
            0 0 0 0 0 0 0 0 0 0   ...  0 0 0 -0.608315 0 0 0 -0.572251 -0.557037 3.44368 

b(psi_9) = 
 0 0.229594 0.202407 0.241079 0.240498 0.250621 0.241346 0.24992 0.234231 0.235632  ...  0.0146873 -0.123582 0.0198232 -0.143728 -0.00636173 -0.00776677 -0.148287 -0.401782 -0.435099 -0.43107
A(psi_10) = 
             1 0 0 0 0 0 0 0 0 0   ...  0 0 0 0 0 0 0 0 0 0 
             0 3.62863 0 0 0 0 0 0 0 0   ...  0 0 0 0 0 0 0 0 0 0 
             0 0 3.63277 0 0 0 0 0 0 0   ...  0 0 0 0 0 0 0 0 0 0 
             0 0 0 3.62924 0 0 0 0 0 0   ...  0 0 0 0 0 0 0 0 0 0 
             0 0 0 0 3.62906 0 0 0 0 0   ...  0 0 0 0 0 0 0 0 0 0 
             0 0 0 0 0 3.62504 0 0 0 0   ...  0 0 0 0 0 0 0 0 0 0 
             0 0 0 0 0 0 3.6307 0 0 0   ...  0 0 0 0 0 0 0 0 0 0 
             0 0 0 0 0 0 0 3.62508 0 0   ...  0 0 0 0 0 0 0 0 0 0 
             0 0 0 0 0 0 0 0 3.6276 0   ...  0 0 0 0 0 0 0 0 0 0 
             0 0 0 0 0 0 0 0 0 3.62776   ...  0 0 0 0 0 0 0 0 0 0 
               .
               .
               .
             0 0 0 0 0 0 0 0 0 0   ...  3.49844 -0.691761 0 0 0 0 0 0 0 0 
             0 0 0 0 0 0 0 0 0 0   ...  -0.691761 3.47962 0 0 0 0 0 -0.610198 0 0 
             0 0 0 0 0 0 0 0 0 0   ...  0 0 3.51578 0 -0.67285 -0.673505 0 0 0 0 
             0 0 0 0 0 0 0 0 0 0   ...  0 0 0 3.46761 -0.688016 0 0 0 0 -0.608775 
             0 0 0 0 0 0 0 0 0 0   ...  0 0 -0.67285 -0.688016 3.50068 -0.378902 0 0 0 0 
             0 0 0 0 0 0 0 0 0 0   ...  0 0 -0.673505 0 -0.378902 3.50167 -0.688847 0 0 0 
             0 0 0 0 0 0 0 0 0 0   ...  0 0 0 0 0 -0.688847 3.46944 0 -0.609811 0 
             0 0 0 0 0 0 0 0 0 0   ...  0 -0.610198 0 0 0 0 0 3.43591 -0.57369 -0.57279 
             0 0 0 0 0 0 0 0 0 0   ...  0 0 0 0 0 0 -0.609811 -0.57369 3.44351 -0.554445 
             0 0 0 0 0 0 0 0 0 0   ...  0 0 0 -0.608775 0 0 0 -0.57279 -0.554445 3.44188 

b(psi_10) = 
 0 0.21872 0.189114 0.233827 0.232715 0.243787 0.233692 0.242649 0.22445 0.226044  ...  0.00792974 -0.130479 0.0121381 -0.152807 -0.0162668 -0.01792 -0.158661 -0.406281 -0.445808 -0.440509
A(psi_11) = 
             1 0 0 0 0 0 0 0 0 0   ...  0 0 0 0 0 0 0 0 0 0 
             0 3.62929 0 0 0 0 0 0 0 0   ...  0 0 0 0 0 0 0 0 0 0 
             0 0 3.63458 0 0 0 0 0 0 0   ...  0 0 0 0 0 0 0 0 0 0 
             0 0 0 3.62982 0 0 0 0 0 0   ...  0 0 0 0 0 0 0 0 0 0 
             0 0 0 0 3.62974 0 0 0 0 0   ...  0 0 0 0 0 0 0 0 0 0 
             0 0 0 0 0 3.62546 0 0 0 0   ...  0 0 0 0 0 0 0 0 0 0 
             0 0 0 0 0 0 3.63163 0 0 0   ...  0 0 0 0 0 0 0 0 0 0 
             0 0 0 0 0 0 0 3.6255 0 0   ...  0 0 0 0 0 0 0 0 0 0 
             0 0 0 0 0 0 0 0 3.62835 0   ...  0 0 0 0 0 0 0 0 0 0 
             0 0 0 0 0 0 0 0 0 3.62847   ...  0 0 0 0 0 0 0 0 0 0 
               .
               .
               .
             0 0 0 0 0 0 0 0 0 0   ...  3.49897 -0.691914 0 0 0 0 0 0 0 0 
             0 0 0 0 0 0 0 0 0 0   ...  -0.691914 3.48109 0 0 0 0 0 -0.610353 0 0 
             0 0 0 0 0 0 0 0 0 0   ...  0 0 3.51684 0 -0.673092 -0.67391 0 0 0 0 
             0 0 0 0 0 0 0 0 0 0   ...  0 0 0 3.46632 -0.686604 0 0 0 0 -0.608997 
             0 0 0 0 0 0 0 0 0 0   ...  0 0 -0.673092 -0.686604 3.50152 -0.377454 0 0 0 0 
             0 0 0 0 0 0 0 0 0 0   ...  0 0 -0.67391 0 -0.377454 3.50265 -0.687709 0 0 0 
             0 0 0 0 0 0 0 0 0 0   ...  0 0 0 0 0 -0.687709 3.46862 0 -0.610243 0 
             0 0 0 0 0 0 0 0 0 0   ...  0 -0.610353 0 0 0 0 0 3.43215 -0.574413 -0.57325 
             0 0 0 0 0 0 0 0 0 0   ...  0 0 0 0 0 0 -0.610243 -0.574413 3.44183 -0.551771 
             0 0 0 0 0 0 0 0 0 0   ...  0 0 0 -0.608997 0 0 0 -0.57325 -0.551771 3.43968 

b(psi_11) = 
 0 0.208907 0.180884 0.227287 0.22563 0.237405 0.226996 0.235891 0.21554 0.217586  ...  0.00129002 -0.137587 0.00480342 -0.161814 -0.0258837 -0.0277508 -0.169109 -0.410187 -0.457103 -0.450375
A(psi_12) = 
             1 0 0 0 0 0 0 0 0 0   ...  0 0 0 0 0 0 0 0 0 0 
             0 3.62998 0 0 0 0 0 0 0 0   ...  0 0 0 0 0 0 0 0 0 0 
             0 0 3.63546 0 0 0 0 0 0 0   ...  0 0 0 0 0 0 0 0 0 0 
             0 0 0 3.63041 0 0 0 0 0 0   ...  0 0 0 0 0 0 0 0 0 0 
             0 0 0 0 3.63046 0 0 0 0 0   ...  0 0 0 0 0 0 0 0 0 0 
             0 0 0 0 0 3.62593 0 0 0 0   ...  0 0 0 0 0 0 0 0 0 0 
             0 0 0 0 0 0 3.63265 0 0 0   ...  0 0 0 0 0 0 0 0 0 0 
             0 0 0 0 0 0 0 3.62597 0 0   ...  0 0 0 0 0 0 0 0 0 0 
             0 0 0 0 0 0 0 0 3.62916 0   ...  0 0 0 0 0 0 0 0 0 0 
             0 0 0 0 0 0 0 0 0 3.62923   ...  0 0 0 0 0 0 0 0 0 0 
               .
               .
               .
             0 0 0 0 0 0 0 0 0 0   ...  3.49977 -0.692585 0 0 0 0 0 0 0 0 
             0 0 0 0 0 0 0 0 0 0   ...  -0.692585 3.48292 0 0 0 0 0 -0.609902 0 0 
             0 0 0 0 0 0 0 0 0 0   ...  0 0 3.51799 0 -0.673339 -0.674357 0 0 0 0 
             0 0 0 0 0 0 0 0 0 0   ...  0 0 0 3.46469 -0.684965 0 0 0 0 -0.60893 
             0 0 0 0 0 0 0 0 0 0   ...  0 0 -0.673339 -0.684965 3.50248 -0.376067 0 0 0 0 
             0 0 0 0 0 0 0 0 0 0   ...  0 0 -0.674357 0 -0.376067 3.50376 -0.686391 0 0 0 
             0 0 0 0 0 0 0 0 0 0   ...  0 0 0 0 0 -0.686391 3.46758 0 -0.610439 0 
             0 0 0 0 0 0 0 0 0 0   ...  0 -0.609902 0 0 0 0 0 3.42716 -0.57501 -0.573529 
             0 0 0 0 0 0 0 0 0 0   ...  0 0 0 0 0 0 -0.610439 -0.57501 3.43984 -0.549135 
             0 0 0 0 0 0 0 0 0 0   ...  0 0 0 -0.60893 0 0 0 -0.573529 -0.549135 3.43696 

b(psi_12) = 
 0 0.200226 0.182424 0.221651 0.219343 0.231501 0.22144 0.229714 0.207711 0.209988  ...  -0.0053392 -0.145094 -0.00227145 -0.170833 -0.0352929 -0.0373314 -0.179844 -0.413575 -0.469837 -0.461243
A(psi_13) = 
             1 0 0 0 0 0 0 0 0 0   ...  0 0 0 0 0 0 0 0 0 0 
             0 3.6307 0 0 0 0 0 0 0 0   ...  0 0 0 0 0 0 0 0 0 0 
             0 0 3.63293 0 0 0 0 0 0 0   ...  0 0 0 0 0 0 0 0 0 0 
             0 0 0 3.63102 0 0 0 0 0 0   ...  0 0 0 0 0 0 0 0 0 0 
             0 0 0 0 3.63124 0 0 0 0 0   ...  0 0 0 0 0 0 0 0 0 0 
             0 0 0 0 0 3.62647 0 0 0 0   ...  0 0 0 0 0 0 0 0 0 0 
             0 0 0 0 0 0 3.63377 0 0 0   ...  0 0 0 0 0 0 0 0 0 0 
             0 0 0 0 0 0 0 3.6265 0 0   ...  0 0 0 0 0 0 0 0 0 0 
             0 0 0 0 0 0 0 0 3.63007 0   ...  0 0 0 0 0 0 0 0 0 0 
             0 0 0 0 0 0 0 0 0 3.63007   ...  0 0 0 0 0 0 0 0 0 0 
               .
               .
               .
             0 0 0 0 0 0 0 0 0 0   ...  3.50096 -0.693974 0 0 0 0 0 0 0 0 
             0 0 0 0 0 0 0 0 0 0   ...  -0.693974 3.48532 0 0 0 0 0 -0.608517 0 0 
             0 0 0 0 0 0 0 0 0 0   ...  0 0 3.51923 0 -0.673571 -0.67483 0 0 0 0 
             0 0 0 0 0 0 0 0 0 0   ...  0 0 0 3.46248 -0.68289 0 0 0 0 -0.608483 
             0 0 0 0 0 0 0 0 0 0   ...  0 0 -0.673571 -0.68289 3.50362 -0.374803 0 0 0 0 
             0 0 0 0 0 0 0 0 0 0   ...  0 0 -0.67483 0 -0.374803 3.50503 -0.684712 0 0 0 
             0 0 0 0 0 0 0 0 0 0   ...  0 0 0 0 0 -0.684712 3.46614 0 -0.610327 0 
             0 0 0 0 0 0 0 0 0 0   ...  0 -0.608517 0 0 0 0 0 3.42021 -0.575315 -0.573447 
             0 0 0 0 0 0 0 0 0 0   ...  0 0 0 0 0 0 -0.610327 -0.575315 3.43748 -0.546748 
             0 0 0 0 0 0 0 0 0 0   ...  0 0 0 -0.608483 0 0 0 -0.573447 -0.546748 3.43354 

b(psi_13) = 
 0 0.192806 0.204774 0.217135 0.214 0.226057 0.217384 0.223939 0.201029 0.203491  ...  -0.0123031 -0.153361 -0.00927467 -0.180325 -0.0447398 -0.0468381 -0.191511 -0.41655 -0.485453 -0.474376
A(psi_14) = 
             1 0 0 0 0 0 0 0 0 0   ...  0 0 0 0 0 0 0 0 0 0 
             0 3.63149 0 0 0 0 0 0 0 0   ...  0 0 0 0 0 0 0 0 0 0 
             0 0 3.61958 0 0 0 0 0 0 0   ...  0 0 0 0 0 0 0 0 0 0 
             0 0 0 3.63166 0 0 0 0 0 0   ...  0 0 0 0 0 0 0 0 0 0 
             0 0 0 0 3.63211 0 0 0 0 0   ...  0 0 0 0 0 0 0 0 0 0 
             0 0 0 0 0 3.6271 0 0 0 0   ...  0 0 0 0 0 0 0 0 0 0 
             0 0 0 0 0 0 3.63499 0 0 0   ...  0 0 0 0 0 0 0 0 0 0 
             0 0 0 0 0 0 0 3.62714 0 0   ...  0 0 0 0 0 0 0 0 0 0 
             0 0 0 0 0 0 0 0 3.63109 0   ...  0 0 0 0 0 0 0 0 0 0 
             0 0 0 0 0 0 0 0 0 3.63103   ...  0 0 0 0 0 0 0 0 0 0 
               .
               .
               .
             0 0 0 0 0 0 0 0 0 0   ...  3.50283 -0.69645 0 0 0 0 0 0 0 0 
             0 0 0 0 0 0 0 0 0 0   ...  -0.69645 3.48867 0 0 0 0 0 -0.605585 0 0 
             0 0 0 0 0 0 0 0 0 0   ...  0 0 3.52056 0 -0.673765 -0.675312 0 0 0 0 
             0 0 0 0 0 0 0 0 0 0   ...  0 0 0 3.45927 -0.679999 0 0 0 0 -0.607554 
             0 0 0 0 0 0 0 0 0 0   ...  0 0 -0.673765 -0.679999 3.50506 -0.373744 0 0 0 0 
             0 0 0 0 0 0 0 0 0 0   ...  0 0 -0.675312 0 -0.373744 3.50653 -0.68235 0 0 0 
             0 0 0 0 0 0 0 0 0 0   ...  0 0 0 0 0 -0.68235 3.46409 0 -0.609825 0 
             0 0 0 0 0 0 0 0 0 0   ...  0 -0.605585 0 0 0 0 0 3.40995 -0.575012 -0.572669 
             0 0 0 0 0 0 0 0 0 0   ...  0 0 0 0 0 0 -0.609825 -0.575012 3.43466 -0.545009 
             0 0 0 0 0 0 0 0 0 0   ...  0 0 0 -0.607554 0 0 0 -0.572669 -0.545009 3.42915 

b(psi_14) = 
 0 0.186778 0.27506 0.214008 0.2097 0.220761 0.215386 0.218372 0.195669 0.198163  ...  -0.0202463 -0.162912 -0.0167271 -0.191156 -0.0547241 -0.0566606 -0.205198 -0.419295 -0.506818 -0.492306
A(psi_15) = 
             1 0 0 0 0 0 0 0 0 0   ...  0 0 0 0 0 0 0 0 0 0 
             0 3.63233 0 0 0 0 0 0 0 0   ...  0 0 0 0 0 0 0 0 0 0 
             0 0 3.57208 0 0 0 0 0 0 0   ...  0 0 0 0 0 0 0 0 0 0 
             0 0 0 3.63233 0 0 0 0 0 0   ...  0 0 0 0 0 0 0 0 0 0 
             0 0 0 0 3.63308 0 0 0 0 0   ...  0 0 0 0 0 0 0 0 0 0 
             0 0 0 0 0 3.62791 0 0 0 0   ...  0 0 0 0 0 0 0 0 0 0 
             0 0 0 0 0 0 3.63624 0 0 0   ...  0 0 0 0 0 0 0 0 0 0 
             0 0 0 0 0 0 0 3.62798 0 0   ...  0 0 0 0 0 0 0 0 0 0 
             0 0 0 0 0 0 0 0 3.63225 0   ...  0 0 0 0 0 0 0 0 0 0 
             0 0 0 0 0 0 0 0 0 3.63215   ...  0 0 0 0 0 0 0 0 0 0 
               .
               .
               .
             0 0 0 0 0 0 0 0 0 0   ...  3.50604 -0.700786 0 0 0 0 0 0 0 0 
             0 0 0 0 0 0 0 0 0 0   ...  -0.700786 3.49376 0 0 0 0 0 -0.599804 0 0 
             0 0 0 0 0 0 0 0 0 0   ...  0 0 3.52201 0 -0.673904 -0.675782 0 0 0 0 
             0 0 0 0 0 0 0 0 0 0   ...  0 0 0 3.45434 -0.675597 0 0 0 0 -0.606038 
             0 0 0 0 0 0 0 0 0 0   ...  0 0 -0.673904 -0.675597 3.50709 -0.373029 0 0 0 0 
             0 0 0 0 0 0 0 0 0 0   ...  0 0 -0.675782 0 -0.373029 3.50842 -0.678662 0 0 0 
             0 0 0 0 0 0 0 0 0 0   ...  0 0 0 0 0 -0.678662 3.46092 0 -0.608865 0 
             0 0 0 0 0 0 0 0 0 0   ...  0 -0.599804 0 0 0 0 0 3.39349 -0.573408 -0.570487 
             0 0 0 0 0 0 0 0 0 0   ...  0 0 0 0 0 0 -0.608865 -0.573408 3.43138 -0.544791 
             0 0 0 0 0 0 0 0 0 0   ...  0 0 0 -0.606038 0 0 0 -0.570487 -0.544791 3.42328 

b(psi_15) = 
 0 0.182225 0.461162 0.212645 0.206441 0.214951 0.216512 0.212425 0.191888 0.194002  ...  -0.030687 -0.174854 -0.0260692 -0.205114 -0.0665026 -0.06781 -0.223446 -0.422365 -0.54063 -0.52081
A(psi_16) = 
             1 0 0 0 0 0 0 0 0 0   ...  0 0 0 0 0 0 0 0 0 0 
             0 3.63312 0 0 0 0 0 0 0 0   ...  0 0 0 0 0 0 0 0 0 0 
             0 0 3.41351 0 0 0 0 0 0 0   ...  0 0 0 0 0 0 0 0 0 0 
             0 0 0 3.63292 0 0 0 0 0 0   ...  0 0 0 0 0 0 0 0 0 0 
             0 0 0 0 3.6341 0 0 0 0 0   ...  0 0 0 0 0 0 0 0 0 0 
             0 0 0 0 0 3.62902 0 0 0 0   ...  0 0 0 0 0 0 0 0 0 0 
             0 0 0 0 0 0 3.63712 0 0 0   ...  0 0 0 0 0 0 0 0 0 0 
             0 0 0 0 0 0 0 3.62916 0 0   ...  0 0 0 0 0 0 0 0 0 0 
             0 0 0 0 0 0 0 0 3.63338 0   ...  0 0 0 0 0 0 0 0 0 0 
             0 0 0 0 0 0 0 0 0 3.63334   ...  0 0 0 0 0 0 0 0 0 0 
               .
               .
               .
             0 0 0 0 0 0 0 0 0 0   ...  3.51231 -0.708988 0 0 0 0 0 0 0 0 
             0 0 0 0 0 0 0 0 0 0   ...  -0.708988 3.50253 0 0 0 0 0 -0.587688 0 0 
             0 0 0 0 0 0 0 0 0 0   ...  0 0 3.5237 0 -0.673999 -0.676204 0 0 0 0 
             0 0 0 0 0 0 0 0 0 0   ...  0 0 0 3.44571 -0.667987 0 0 0 0 -0.603999 
             0 0 0 0 0 0 0 0 0 0   ...  0 0 -0.673999 -0.667987 3.51062 -0.372935 0 0 0 0 
             0 0 0 0 0 0 0 0 0 0   ...  0 0 -0.676204 0 -0.372935 3.51121 -0.672119 0 0 0 
             0 0 0 0 0 0 0 0 0 0   ...  0 0 0 0 0 -0.672119 3.45532 0 -0.607525 0 
             0 0 0 0 0 0 0 0 0 0   ...  0 -0.587688 0 0 0 0 0 3.36338 -0.568704 -0.565129 
             0 0 0 0 0 0 0 0 0 0   ...  0 0 0 0 0 0 -0.607525 -0.568704 3.42796 -0.548428 
             0 0 0 0 0 0 0 0 0 0   ...  0 0 0 -0.603999 0 0 0 -0.565129 -0.548428 3.41511 

b(psi_16) = 
 0 0.179843 0.902036 0.214334 0.204469 0.207136 0.224219 0.204563 0.191307 0.192073  ...  -0.0467825 -0.190279 -0.0407194 -0.225698 -0.0828063 -0.0822795 -0.251809 -0.427087 -0.604424 -0.575233
A(psi_17) = 
             1 0 0 0 0 0 0 0 0 0   ...  0 0 0 0 0 0 0 0 0 0 
             0 3.63279 0 0 0 0 0 0 0 0   ...  0 0 0 0 0 0 0 0 0 0 
             0 0 2.9086 0 0 0 0 0 0 0   ...  0 0 0 0 0 0 0 0 0 0 
             0 0 0 3.63254 0 0 0 0 0 0   ...  0 0 0 0 0 0 0 0 0 0 
             0 0 0 0 3.63465 0 0 0 0 0   ...  0 0 0 0 0 0 0 0 0 0 
             0 0 0 0 0 3.63089 0 0 0 0   ...  0 0 0 0 0 0 0 0 0 0 
             0 0 0 0 0 0 3.6352 0 0 0   ...  0 0 0 0 0 0 0 0 0 0 
             0 0 0 0 0 0 0 3.63114 0 0   ...  0 0 0 0 0 0 0 0 0 0 
             0 0 0 0 0 0 0 0 3.63296 0   ...  0 0 0 0 0 0 0 0 0 0 
             0 0 0 0 0 0 0 0 0 3.6336   ...  0 0 0 0 0 0 0 0 0 0 
               .
               .
               .
             0 0 0 0 0 0 0 0 0 0   ...  3.5284 -0.728624 0 0 0 0 0 0 0 0 
             0 0 0 0 0 0 0 0 0 0   ...  -0.728624 3.5217 0 0 0 0 0 -0.556117 0 0 
             0 0 0 0 0 0 0 0 0 0   ...  0 0 3.52634 0 -0.674236 -0.676418 0 0 0 0 
             0 0 0 0 0 0 0 0 0 0   ...  0 0 0 3.42603 -0.651541 0 0 0 0 -0.603236 
             0 0 0 0 0 0 0 0 0 0   ...  0 0 -0.674236 -0.651541 3.52011 -0.374396 0 0 0 0 
             0 0 0 0 0 0 0 0 0 0   ...  0 0 -0.676418 0 -0.374396 3.51724 -0.657561 0 0 0 
             0 0 0 0 0 0 0 0 0 0   ...  0 0 0 0 0 -0.657561 3.44227 0 -0.607336 0 
             0 0 0 0 0 0 0 0 0 0   ...  0 -0.556117 0 0 0 0 0 3.29365 -0.554573 -0.550666 
             0 0 0 0 0 0 0 0 0 0   ...  0 0 0 0 0 0 -0.607336 -0.554573 3.42755 -0.564803 
             0 0 0 0 0 0 0 0 0 0   ...  0 0 0 -0.603236 0 0 0 -0.550666 -0.564803 3.40378 

b(psi_17) = 
 0 0.192611 1.43175 0.233323 0.213864 0.199194 0.263347 0.197101 0.211072 0.206222  ...  -0.0667794 -0.194737 -0.0616907 -0.248364 -0.100753 -0.0939302 -0.294057 -0.432182 -0.750259 -0.700041
A(psi_18) = 
             1 0 0 0 0 0 0 0 0 0   ...  0 0 0 0 0 0 0 0 0 0 
             0 3.61195 0 0 0 0 0 0 0 0   ...  0 0 0 0 0 0 0 0 0 0 
             0 0 1.792 0 0 0 0 0 0 0   ...  0 0 0 0 0 0 0 0 0 0 
             0 0 0 3.61443 0 0 0 0 0 0   ...  0 0 0 0 0 0 0 0 0 0 
             0 0 0 0 3.62379 0 0 0 0 0   ...  0 0 0 0 0 0 0 0 0 0 
             0 0 0 0 0 3.6347 0 0 0 0   ...  0 0 0 0 0 0 0 0 0 0 
             0 0 0 0 0 0 3.58964 0 0 0   ...  0 0 0 0 0 0 0 0 0 0 
             0 0 0 0 0 0 0 3.63445 0 0   ...  0 0 0 0 0 0 0 0 0 0 
             0 0 0 0 0 0 0 0 3.60127 0   ...  0 0 0 0 0 0 0 0 0 0 
             0 0 0 0 0 0 0 0 0 3.61119   ...  0 0 0 0 0 0 0 0 0 0 
               .
               .
               .
             0 0 0 0 0 0 0 0 0 0   ...  3.61444 -0.8227 0 0 0 0 0 0 0 0 
             0 0 0 0 0 0 0 0 0 0   ...  -0.8227 3.60731 0 0 0 0 0 -0.413501 0 0 
             0 0 0 0 0 0 0 0 0 0   ...  0 0 3.54026 0 -0.676349 -0.673618 0 0 0 0 
             0 0 0 0 0 0 0 0 0 0   ...  0 0 0 3.33737 -0.591236 0 0 0 0 -0.636223 
             0 0 0 0 0 0 0 0 0 0   ...  0 0 -0.676349 -0.591236 3.59092 -0.386387 0 0 0 0 
             0 0 0 0 0 0 0 0 0 0   ...  0 0 -0.673618 0 -0.386387 3.55669 -0.600616 0 0 0 
             0 0 0 0 0 0 0 0 0 0   ...  0 0 0 0 0 -0.600616 3.38199 0 -0.634449 0 
             0 0 0 0 0 0 0 0 0 0   ...  0 -0.413501 0 0 0 0 0 3.03724 -0.490933 -0.493627 
             0 0 0 0 0 0 0 0 0 0   ...  0 0 0 0 0 0 -0.634449 -0.490933 3.47862 -0.663692 
             0 0 0 0 0 0 0 0 0 0   ...  0 0 0 -0.636223 0 0 0 -0.493627 -0.663692 3.41375 

b(psi_18) = 
 0 0.468865 -4.74299 0.526354 0.448132 0.308191 0.729027 0.31658 0.565162 0.508269  ...  0.104447 0.109693 0.0664262 0.00123206 0.0703801 0.120658 -0.14218 -0.571244 -1.19143 -1.08034
