0.139483
0.134759
0.130198
0.125795
0.121546
0.117448
0.113495
0.109685
0.106014
0.102479
0.0990759
0.0958019
0.0926535
0.0896275
0.0867209
0.0839302
0.081252
0.0786833
0.0762209
0.0738613
0.0716012
0.0694374
0.0673666
0.0653855
0.063491
0.0616796
0.0599484
0.058294
0.0567135
0.0552036
0.0537615
0.0523843
0.0510691
0.0498131
0.0486137
0.0474682
0.046374
0.0453287
0.0443301
0.0433758
0.0424636
0.0415916
0.0407577
0.0399602
0.0391973
0.0384672
0.0377683
0.0370991
0.0364581
0.0358439
0.0352554
0.0346912
0.0341501
0.0336312
0.0331332
0.0326553
0.0321963
0.0317554
0.0313318
0.0309247
0.0305333
0.030157
0.0297949
0.0294465
0.0291112
0.0287883
0.0284774
0.0281778
0.0278889
0.0276105
0.0273421
0.0270831
0.0268332
0.0265921
0.0263593
0.0261346
0.0259176
0.025708
0.0255055
0.0253098
0.0251207
0.0249379
0.0247611
0.0245902
0.0244248
0.0242648
0.02411
0.0239602
0.0238152
0.0236748
0.0235389
0.0234072
0.0232796
0.023156
0.0230362
0.02292
0.0228074
0.0226981
0.0225922
0.0224893
0.0223895
0.0222927
0.0221986
0.0221073
0.0220185
0.0219323
0.0218485
0.0217671
0.0216879
0.0216109
0.021536
0.0214631
0.0213922
0.0213232
0.021256
0.0211906
0.0211269
0.0210649
0.0210045
0.0209457
0.0208883
0.0208325
0.020778
0.020725
0.0206732
0.0206227
0.0205735
0.0205255
0.0204786
0.0204328
0.0203881
0.0203445
0.0203019
0.0202602
0.0202198
0.0201801
0.0201415
0.0201038
0.0200666
0.0200307
0.0199952
0.0199609
0.019927
0.0198942
0.019862
0.0198303
0.0197996
0.0197692
0.0197397
0.0197106
