psi sys matrix & rhs
A(psi_1) = 
            1 0 0 0 0 0 0 0 0 0   ...  0 0 0 0 0 0 0 0 0 0 
            0.683659 -3.31992 0.569161 0 0 0.481079 0 0 0 0   ...  0 0 0 0 0 0 0 0 0 0 
            0.685679 0.569161 -3.31859 0 0 0 0 0 0 0   ...  0 0 0 0 0 0 0 0 0 0 
            0.683076 0 0 -3.28495 0.479292 0.479983 0 0.682085 0 0   ...  0 0 0 0 0 0 0 0 0 0 
            0 0 0 0.479292 -3.28105 0.479292 0.68194 0.68194 0 0   ...  0 0 0 0 0 0 0 0 0 0 
            0.683076 0.481079 0 0.479983 0.479292 -3.28495 0.682085 0 0 0   ...  0 0 0 0 0 0 0 0 0 0 
            0 0 0 0 0.68194 0.682085 -3.41292 0 0 0   ...  0 0 0 0 0 0 0 0 0 0 
            0 0 0 0.682085 0.68194 0 0 -3.41292 0.683406 0   ...  0 0 0 0 0 0 0 0 0 0 
            0 0 0 0 0 0 0 0.683406 -3.2911 0.481416   ...  0 0 0 0 0 0 0 0 0 0 
            0 0 0 0 0 0 0 0 0.481416 -3.2948   ...  0 0 0 0 0 0 0 0 0 0 
              .
              .
              .
            0 0 0 0 0 0 0 0 0 0   ...  -4.86699 0.380165 0.980228 0 0 0 0 0 0 0 
            0 0 0 0 0 0 0 0 0 0   ...  0.380165 -4.06937 0.400041 0 0 0 0 1.74628 -0.207156 0 
            0 0 0 0 0 0 0 0 0 0   ...  0.980228 0.400041 -4.18255 0 0 0 0 0 0.545781 1.59704 
            0 0 0 0 0 0 0 0 0 0   ...  0 0 0 -4.24184 1.7932 0.645142 0 0 0 0 
            0 0 0 0 0 0 0 0 0 0   ...  0 0 0 1.7932 -4.86699 0.380165 0.980228 0 0 0 
            0 0 0 0 0 0 0 0 0 0   ...  0 0 0 0.645142 0.380165 -4.08114 0.400041 1.74628 0.736085 0 
            0 0 0 0 0 0 0 0 0 0   ...  0 0 0 0 0.980228 0.400041 -4.18255 0 0 0 
            0 0 0 0 0 0 0 0 0 0   ...  0 1.74628 0 0 0 1.74628 0 -4.97545 0.741442 0 
            0 0 0 0 0 0 0 0 0 0   ...  0 -0.207156 0.545781 0 0 0.736085 0 0.741442 -3.75247 0.707577 
            0 0 0 0 0 0 0 0 0 0   ...  0 0 1.59704 0 0 0 0 0 0.707577 -4.40881 

b(psi_1) = 
 0 -4.00489 -4.04023 -4.12076 -4.30078 -4.12076 -1.51288 -1.51288 -3.84147 -3.69771  ...  5.43944 2.0869 3.65709 3.30513 5.43944 1.98531 3.65709 5.53244 1.90277 2.98928
A(psi_2) = 
            1 0 0 0 0 0 0 0 0 0   ...  0 0 0 0 0 0 0 0 0 0 
            0.683097 -3.3207 0.569091 0 0 0.483536 0 0 0 0   ...  0 0 0 0 0 0 0 0 0 0 
            0.693224 0.569091 -3.31461 0 0 0 0 0 0 0   ...  0 0 0 0 0 0 0 0 0 0 
            0.682098 0 0 -3.28831 0.480318 0.480445 0 0.682195 0 0   ...  0 0 0 0 0 0 0 0 0 0 
            0 0 0 0.480318 -3.28483 0.480357 0.681767 0.681658 0 0   ...  0 0 0 0 0 0 0 0 0 0 
            0.682232 0.483536 0 0.480445 0.480357 -3.28835 0.682172 0 0 0   ...  0 0 0 0 0 0 0 0 0 0 
            0 0 0 0 0.681767 0.682172 -3.41741 0 0 0   ...  0 0 0 0 0 0 0 0 0 0 
            0 0 0 0.682195 0.681658 0 0 -3.41747 0.685894 0   ...  0 0 0 0 0 0 0 0 0 0 
            0 0 0 0 0 0 0 0.685894 -3.29479 0.480389   ...  0 0 0 0 0 0 0 0 0 0 
            0 0 0 0 0 0 0 0 0.480389 -3.29543   ...  0 0 0 0 0 0 0 0 0 0 
              .
              .
              .
            0 0 0 0 0 0 0 0 0 0   ...  -4.85696 0.385595 0.984397 0 0 0 0 0 0 0 
            0 0 0 0 0 0 0 0 0 0   ...  0.385595 -4.06853 0.40013 0 0 0 0 1.75398 -0.21057 0 
            0 0 0 0 0 0 0 0 0 0   ...  0.984397 0.40013 -4.17467 0 0 0 0 0 0.548752 1.58902 
            0 0 0 0 0 0 0 0 0 0   ...  0 0 0 -4.24106 1.78522 0.640439 0 0 0 0 
            0 0 0 0 0 0 0 0 0 0   ...  0 0 0 1.78522 -4.85711 0.385611 0.985232 0 0 0 
            0 0 0 0 0 0 0 0 0 0   ...  0 0 0 0.640439 0.385611 -4.08069 0.400266 1.75362 0.731847 0 
            0 0 0 0 0 0 0 0 0 0   ...  0 0 0 0 0.985232 0.400266 -4.17615 0 0 0 
            0 0 0 0 0 0 0 0 0 0   ...  0 1.75398 0 0 0 1.75362 0 -4.99412 0.7426 0 
            0 0 0 0 0 0 0 0 0 0   ...  0 -0.21057 0.548752 0 0 0.731847 0 0.7426 -3.7446 0.707401 
            0 0 0 0 0 0 0 0 0 0   ...  0 0 1.58902 0 0 0 0 0 0.707401 -4.39879 

b(psi_2) = 
 0 -3.928 -4.04293 -3.9477 -4.09178 -3.94526 -1.36731 -1.37231 -3.7395 -3.64116  ...  5.3594 2.04866 3.63216 3.25298 5.3579 1.94712 3.6352 5.42305 1.85431 2.93102
A(psi_3) = 
            1 0 0 0 0 0 0 0 0 0   ...  0 0 0 0 0 0 0 0 0 0 
            0.682588 -3.32171 0.569086 0 0 0.48596 0 0 0 0   ...  0 0 0 0 0 0 0 0 0 0 
            0.70064 0.569086 -3.31102 0 0 0 0 0 0 0   ...  0 0 0 0 0 0 0 0 0 0 
            0.681132 0 0 -3.29149 0.48128 0.480872 0 0.682285 0 0   ...  0 0 0 0 0 0 0 0 0 0 
            0 0 0 0.48128 -3.28834 0.481361 0.681581 0.681366 0 0   ...  0 0 0 0 0 0 0 0 0 0 
            0.681391 0.48596 0 0.480872 0.481361 -3.29156 0.682226 0 0 0   ...  0 0 0 0 0 0 0 0 0 0 
            0 0 0 0 0.681581 0.682226 -3.42169 0 0 0   ...  0 0 0 0 0 0 0 0 0 0 
            0 0 0 0.682285 0.681366 0 0 -3.4218 0.688309 0   ...  0 0 0 0 0 0 0 0 0 0 
            0 0 0 0 0 0 0 0.688309 -3.29852 0.479409   ...  0 0 0 0 0 0 0 0 0 0 
            0 0 0 0 0 0 0 0 0.479409 -3.29629   ...  0 0 0 0 0 0 0 0 0 0 
              .
              .
              .
            0 0 0 0 0 0 0 0 0 0   ...  -4.84724 0.390904 0.988488 0 0 0 0 0 0 0 
            0 0 0 0 0 0 0 0 0 0   ...  0.390904 -4.06765 0.400288 0 0 0 0 1.76175 -0.214037 0 
            0 0 0 0 0 0 0 0 0 0   ...  0.988488 0.400288 -4.16705 0 0 0 0 0 0.551628 1.5812 
            0 0 0 0 0 0 0 0 0 0   ...  0 0 0 -4.24035 1.7774 0.635707 0 0 0 0 
            0 0 0 0 0 0 0 0 0 0   ...  0 0 0 1.7774 -4.84748 0.390931 0.990125 0 0 0 
            0 0 0 0 0 0 0 0 0 0   ...  0 0 0 0.635707 0.390931 -4.08015 0.400593 1.76107 0.727529 0 
            0 0 0 0 0 0 0 0 0 0   ...  0 0 0 0 0.990125 0.400593 -4.17002 0 0 0 
            0 0 0 0 0 0 0 0 0 0   ...  0 1.76175 0 0 0 1.76107 0 -5.0134 0.743997 0 
            0 0 0 0 0 0 0 0 0 0   ...  0 -0.214037 0.551628 0 0 0.727529 0 0.743997 -3.73668 0.707185 
            0 0 0 0 0 0 0 0 0 0   ...  0 0 1.5812 0 0 0 0 0 0.707185 -4.38922 

b(psi_3) = 
 0 -3.85138 -4.04275 -3.78153 -3.89326 -3.77698 -1.22852 -1.23797 -3.63909 -3.58403  ...  5.27985 2.01217 3.60715 3.20168 5.27706 1.91088 3.61317 5.30903 1.8067 2.87224
A(psi_4) = 
            1 0 0 0 0 0 0 0 0 0   ...  0 0 0 0 0 0 0 0 0 0 
            0.682123 -3.32291 0.569144 0 0 0.488355 0 0 0 0   ...  0 0 0 0 0 0 0 0 0 0 
            0.707932 0.569144 -3.30779 0 0 0 0 0 0 0   ...  0 0 0 0 0 0 0 0 0 0 
            0.680177 0 0 -3.2945 0.482181 0.481266 0 0.682356 0 0   ...  0 0 0 0 0 0 0 0 0 0 
            0 0 0 0.482181 -3.2916 0.482308 0.681387 0.681069 0 0   ...  0 0 0 0 0 0 0 0 0 0 
            0.68055 0.488355 0 0.481266 0.482308 -3.29459 0.682249 0 0 0   ...  0 0 0 0 0 0 0 0 0 0 
            0 0 0 0 0.681387 0.682249 -3.42577 0 0 0   ...  0 0 0 0 0 0 0 0 0 0 
            0 0 0 0.682356 0.681069 0 0 -3.42594 0.690652 0   ...  0 0 0 0 0 0 0 0 0 0 
            0 0 0 0 0 0 0 0.690652 -3.30225 0.47847   ...  0 0 0 0 0 0 0 0 0 0 
            0 0 0 0 0 0 0 0 0.47847 -3.29735   ...  0 0 0 0 0 0 0 0 0 0 
              .
              .
              .
            0 0 0 0 0 0 0 0 0 0   ...  -4.83773 0.396074 0.992491 0 0 0 0 0 0 0 
            0 0 0 0 0 0 0 0 0 0   ...  0.396074 -4.06671 0.400521 0 0 0 0 1.76954 -0.217531 0 
            0 0 0 0 0 0 0 0 0 0   ...  0.992491 0.400521 -4.15972 0 0 0 0 0 0.554411 1.57361 
            0 0 0 0 0 0 0 0 0 0   ...  0 0 0 -4.23971 1.76974 0.630957 0 0 0 0 
            0 0 0 0 0 0 0 0 0 0   ...  0 0 0 1.76974 -4.838 0.396104 0.994897 0 0 0 
            0 0 0 0 0 0 0 0 0 0   ...  0 0 0 0.630957 0.396104 -4.07948 0.401029 1.76858 0.723148 0 
            0 0 0 0 0 0 0 0 0 0   ...  0 0 0 0 0.994897 0.401029 -4.16418 0 0 0 
            0 0 0 0 0 0 0 0 0 0   ...  0 1.76954 0 0 0 1.76858 0 -5.03308 0.745597 0 
            0 0 0 0 0 0 0 0 0 0   ...  0 -0.217531 0.554411 0 0 0.723148 0 0.745597 -3.72874 0.706922 
            0 0 0 0 0 0 0 0 0 0   ...  0 0 1.57361 0 0 0 0 0 0.706922 -4.38012 

b(psi_4) = 
 0 -3.77518 -4.03988 -3.62198 -3.70458 -3.61558 -1.09619 -1.10959 -3.54028 -3.52648  ...  5.20108 1.97747 3.58191 3.15113 5.19723 1.87668 3.5908 5.19111 1.75988 2.81293
A(psi_5) = 
            1 0 0 0 0 0 0 0 0 0   ...  0 0 0 0 0 0 0 0 0 0 
            0.681696 -3.3243 0.569261 0 0 0.490723 0 0 0 0   ...  0 0 0 0 0 0 0 0 0 0 
            0.715105 0.569261 -3.30491 0 0 0 0 0 0 0   ...  0 0 0 0 0 0 0 0 0 0 
            0.679229 0 0 -3.29736 0.483025 0.48163 0 0.682412 0 0   ...  0 0 0 0 0 0 0 0 0 0 
            0 0 0 0.483025 -3.29464 0.4832 0.681186 0.680768 0 0   ...  0 0 0 0 0 0 0 0 0 0 
            0.679706 0.490723 0 0.48163 0.4832 -3.29746 0.682245 0 0 0   ...  0 0 0 0 0 0 0 0 0 0 
            0 0 0 0 0.681186 0.682245 -3.42966 0 0 0   ...  0 0 0 0 0 0 0 0 0 0 
            0 0 0 0.682412 0.680768 0 0 -3.4299 0.692924 0   ...  0 0 0 0 0 0 0 0 0 0 
            0 0 0 0 0 0 0 0.692924 -3.30597 0.477568   ...  0 0 0 0 0 0 0 0 0 0 
            0 0 0 0 0 0 0 0 0.477568 -3.2986   ...  0 0 0 0 0 0 0 0 0 0 
              .
              .
              .
            0 0 0 0 0 0 0 0 0 0   ...  -4.82836 0.401085 0.996396 0 0 0 0 0 0 0 
            0 0 0 0 0 0 0 0 0 0   ...  0.401085 -4.06568 0.400835 0 0 0 0 1.77728 -0.221021 0 
            0 0 0 0 0 0 0 0 0 0   ...  0.996396 0.400835 -4.15269 0 0 0 0 0 0.557108 1.56624 
            0 0 0 0 0 0 0 0 0 0   ...  0 0 0 -4.23916 1.76223 0.626197 0 0 0 0 
            0 0 0 0 0 0 0 0 0 0   ...  0 0 0 1.76223 -4.8286 0.401109 0.99954 0 0 0 
            0 0 0 0 0 0 0 0 0 0   ...  0 0 0 0.626197 0.401109 -4.07864 0.401578 1.77605 0.718722 0 
            0 0 0 0 0 0 0 0 0 0   ...  0 0 0 0 0.99954 0.401578 -4.15863 0 0 0 
            0 0 0 0 0 0 0 0 0 0   ...  0 1.77728 0 0 0 1.77605 0 -5.05291 0.747362 0 
            0 0 0 0 0 0 0 0 0 0   ...  0 -0.221021 0.557108 0 0 0.718722 0 0.747362 -3.72078 0.706606 
            0 0 0 0 0 0 0 0 0 0   ...  0 0 1.56624 0 0 0 0 0 0.706606 -4.37146 

b(psi_5) = 
 0 -3.69952 -4.03451 -3.46876 -3.52514 -3.46076 -0.969988 -0.98689 -3.44312 -3.46862  ...  5.1234 1.94463 3.55627 3.10126 5.11873 1.84459 3.5679 5.07016 1.71378 2.75308
A(psi_6) = 
            1 0 0 0 0 0 0 0 0 0   ...  0 0 0 0 0 0 0 0 0 0 
            0.681304 -3.32584 0.569434 0 0 0.493067 0 0 0 0   ...  0 0 0 0 0 0 0 0 0 0 
            0.722166 0.569434 -3.30236 0 0 0 0 0 0 0   ...  0 0 0 0 0 0 0 0 0 0 
            0.678285 0 0 -3.30007 0.483814 0.481966 0 0.682454 0 0   ...  0 0 0 0 0 0 0 0 0 0 
            0 0 0 0.483814 -3.29746 0.484042 0.680983 0.680468 0 0   ...  0 0 0 0 0 0 0 0 0 0 
            0.678856 0.493067 0 0.481966 0.484042 -3.30018 0.682215 0 0 0   ...  0 0 0 0 0 0 0 0 0 0 
            0 0 0 0 0.680983 0.682215 -3.43337 0 0 0   ...  0 0 0 0 0 0 0 0 0 0 
            0 0 0 0.682454 0.680468 0 0 -3.43367 0.695126 0   ...  0 0 0 0 0 0 0 0 0 0 
            0 0 0 0 0 0 0 0.695126 -3.30968 0.476698   ...  0 0 0 0 0 0 0 0 0 0 
            0 0 0 0 0 0 0 0 0.476698 -3.30002   ...  0 0 0 0 0 0 0 0 0 0 
              .
              .
              .
            0 0 0 0 0 0 0 0 0 0   ...  -4.81904 0.405919 1.0002 0 0 0 0 0 0 0 
            0 0 0 0 0 0 0 0 0 0   ...  0.405919 -4.06451 0.401233 0 0 0 0 1.78488 -0.224473 0 
            0 0 0 0 0 0 0 0 0 0   ...  1.0002 0.401233 -4.14595 0 0 0 0 0 0.559722 1.55909 
            0 0 0 0 0 0 0 0 0 0   ...  0 0 0 -4.23871 1.75485 0.621435 0 0 0 0 
            0 0 0 0 0 0 0 0 0 0   ...  0 0 0 1.75485 -4.8192 0.405929 1.00405 0 0 0 
            0 0 0 0 0 0 0 0 0 0   ...  0 0 0 0.621435 0.405929 -4.07756 0.402246 1.78341 0.714271 0 
            0 0 0 0 0 0 0 0 0 0   ...  0 0 0 0 1.00405 0.402246 -4.1534 0 0 0 
            0 0 0 0 0 0 0 0 0 0   ...  0 1.78488 0 0 0 1.78341 0 -5.07262 0.749246 0 
            0 0 0 0 0 0 0 0 0 0   ...  0 -0.224473 0.559722 0 0 0.714271 0 0.749246 -3.7128 0.706232 
            0 0 0 0 0 0 0 0 0 0   ...  0 0 1.55909 0 0 0 0 0 0.706232 -4.36325 

b(psi_6) = 
 0 -3.62451 -4.02682 -3.32165 -3.35442 -3.31227 -0.849639 -0.869645 -3.34768 -3.4106  ...  5.04709 1.9137 3.5301 3.05198 5.04185 1.81468 3.54428 4.94728 1.66832 2.69267
A(psi_7) = 
            1 0 0 0 0 0 0 0 0 0   ...  0 0 0 0 0 0 0 0 0 0 
            0.68094 -3.32753 0.56966 0 0 0.495389 0 0 0 0   ...  0 0 0 0 0 0 0 0 0 0 
            0.729119 0.56966 -3.30014 0 0 0 0 0 0 0   ...  0 0 0 0 0 0 0 0 0 0 
            0.677344 0 0 -3.30263 0.484553 0.482277 0 0.682484 0 0   ...  0 0 0 0 0 0 0 0 0 0 
            0 0 0 0.484553 -3.30008 0.484836 0.680779 0.680169 0 0   ...  0 0 0 0 0 0 0 0 0 0 
            0.678 0.495389 0 0.482277 0.484836 -3.30274 0.682162 0 0 0   ...  0 0 0 0 0 0 0 0 0 0 
            0 0 0 0 0.680779 0.682162 -3.4369 0 0 0   ...  0 0 0 0 0 0 0 0 0 0 
            0 0 0 0.682484 0.680169 0 0 -3.43727 0.697259 0   ...  0 0 0 0 0 0 0 0 0 0 
            0 0 0 0 0 0 0 0.697259 -3.31335 0.475854   ...  0 0 0 0 0 0 0 0 0 0 
            0 0 0 0 0 0 0 0 0.475854 -3.30159   ...  0 0 0 0 0 0 0 0 0 0 
              .
              .
              .
            0 0 0 0 0 0 0 0 0 0   ...  -4.80971 0.41056 1.00389 0 0 0 0 0 0 0 
            0 0 0 0 0 0 0 0 0 0   ...  0.41056 -4.06315 0.40172 0 0 0 0 1.79225 -0.22785 0 
            0 0 0 0 0 0 0 0 0 0   ...  1.00389 0.40172 -4.13954 0 0 0 0 0 0.562257 1.55218 
            0 0 0 0 0 0 0 0 0 0   ...  0 0 0 -4.23837 1.7476 0.616679 0 0 0 0 
            0 0 0 0 0 0 0 0 0 0   ...  0 0 0 1.7476 -4.80974 0.410542 1.00841 0 0 0 
            0 0 0 0 0 0 0 0 0 0   ...  0 0 0 0.616679 0.410542 -4.07621 0.403035 1.79053 0.709816 0 
            0 0 0 0 0 0 0 0 0 0   ...  0 0 0 0 1.00841 0.403035 -4.1485 0 0 0 
            0 0 0 0 0 0 0 0 0 0   ...  0 1.79225 0 0 0 1.79053 0 -5.09191 0.751202 0 
            0 0 0 0 0 0 0 0 0 0   ...  0 -0.22785 0.562257 0 0 0.709816 0 0.751202 -3.70483 0.705794 
            0 0 0 0 0 0 0 0 0 0   ...  0 0 1.55218 0 0 0 0 0 0.705794 -4.35548 

b(psi_7) = 
 0 -3.55027 -4.01698 -3.18041 -3.19194 -3.16982 -0.734872 -0.757625 -3.25398 -3.35253  ...  4.97245 1.88471 3.50323 3.0032 4.96689 1.787 3.51975 4.82372 1.6234 2.63172
A(psi_8) = 
            1 0 0 0 0 0 0 0 0 0   ...  0 0 0 0 0 0 0 0 0 0 
            0.680599 -3.32934 0.569936 0 0 0.497689 0 0 0 0   ...  0 0 0 0 0 0 0 0 0 0 
            0.735969 0.569936 -3.29822 0 0 0 0 0 0 0   ...  0 0 0 0 0 0 0 0 0 0 
            0.676404 0 0 -3.30507 0.485243 0.482566 0 0.682507 0 0   ...  0 0 0 0 0 0 0 0 0 0 
            0 0 0 0.485243 -3.30253 0.485586 0.680577 0.679875 0 0   ...  0 0 0 0 0 0 0 0 0 0 
            0.677134 0.497689 0 0.482566 0.485586 -3.30516 0.682089 0 0 0   ...  0 0 0 0 0 0 0 0 0 0 
            0 0 0 0 0.680577 0.682089 -3.44027 0 0 0   ...  0 0 0 0 0 0 0 0 0 0 
            0 0 0 0.682507 0.679875 0 0 -3.44071 0.699323 0   ...  0 0 0 0 0 0 0 0 0 0 
            0 0 0 0 0 0 0 0.699323 -3.317 0.475033   ...  0 0 0 0 0 0 0 0 0 0 
            0 0 0 0 0 0 0 0 0.475033 -3.30329   ...  0 0 0 0 0 0 0 0 0 0 
              .
              .
              .
            0 0 0 0 0 0 0 0 0 0   ...  -4.80032 0.41499 1.00747 0 0 0 0 0 0 0 
            0 0 0 0 0 0 0 0 0 0   ...  0.41499 -4.06157 0.402297 0 0 0 0 1.79931 -0.231115 0 
            0 0 0 0 0 0 0 0 0 0   ...  1.00747 0.402297 -4.13345 0 0 0 0 0 0.564719 1.5455 
            0 0 0 0 0 0 0 0 0 0   ...  0 0 0 -4.23815 1.74048 0.611936 0 0 0 0 
            0 0 0 0 0 0 0 0 0 0   ...  0 0 0 1.74048 -4.8002 0.414931 1.01264 0 0 0 
            0 0 0 0 0 0 0 0 0 0   ...  0 0 0 0.611936 0.414931 -4.07451 0.403946 1.79733 0.70538 0 
            0 0 0 0 0 0 0 0 0 0   ...  0 0 0 0 1.01264 0.403946 -4.14396 0 0 0 
            0 0 0 0 0 0 0 0 0 0   ...  0 1.79931 0 0 0 1.79733 0 -5.11045 0.753179 0 
            0 0 0 0 0 0 0 0 0 0   ...  0 -0.231115 0.564719 0 0 0.70538 0 0.753179 -3.69687 0.705289 
            0 0 0 0 0 0 0 0 0 0   ...  0 0 1.5455 0 0 0 0 0 0.705289 -4.34813 

b(psi_8) = 
 0 -3.47689 -4.00516 -3.04483 -3.03724 -3.0332 -0.625441 -0.650625 -3.16209 -3.29453  ...  4.89971 1.85767 3.47551 2.95482 4.89405 1.76156 3.49411 4.70088 1.57891 2.57023
A(psi_9) = 
            1 0 0 0 0 0 0 0 0 0   ...  0 0 0 0 0 0 0 0 0 0 
            0.680278 -3.33126 0.570257 0 0 0.499969 0 0 0 0   ...  0 0 0 0 0 0 0 0 0 0 
            0.742722 0.570257 -3.29659 0 0 0 0 0 0 0   ...  0 0 0 0 0 0 0 0 0 0 
            0.675464 0 0 -3.30737 0.485888 0.482834 0 0.682522 0 0   ...  0 0 0 0 0 0 0 0 0 0 
            0 0 0 0.485888 -3.30481 0.486293 0.680379 0.679586 0 0   ...  0 0 0 0 0 0 0 0 0 0 
            0.676258 0.499969 0 0.482834 0.486293 -3.30745 0.681996 0 0 0   ...  0 0 0 0 0 0 0 0 0 0 
            0 0 0 0 0.680379 0.681996 -3.44349 0 0 0   ...  0 0 0 0 0 0 0 0 0 0 
            0 0 0 0.682522 0.679586 0 0 -3.444 0.701319 0   ...  0 0 0 0 0 0 0 0 0 0 
            0 0 0 0 0 0 0 0.701319 -3.32059 0.474231   ...  0 0 0 0 0 0 0 0 0 0 
            0 0 0 0 0 0 0 0 0.474231 -3.3051   ...  0 0 0 0 0 0 0 0 0 0 
              .
              .
              .
            0 0 0 0 0 0 0 0 0 0   ...  -4.79081 0.419192 1.01095 0 0 0 0 0 0 0 
            0 0 0 0 0 0 0 0 0 0   ...  0.419192 -4.0597 0.402968 0 0 0 0 1.80596 -0.234227 0 
            0 0 0 0 0 0 0 0 0 0   ...  1.01095 0.402968 -4.12772 0 0 0 0 0 0.567112 1.53906 
            0 0 0 0 0 0 0 0 0 0   ...  0 0 0 -4.23808 1.7335 0.607214 0 0 0 0 
            0 0 0 0 0 0 0 0 0 0   ...  0 0 0 1.7335 -4.79052 0.419077 1.01672 0 0 0 
            0 0 0 0 0 0 0 0 0 0   ...  0 0 0 0.607214 0.419077 -4.0724 0.404982 1.80367 0.700984 0 
            0 0 0 0 0 0 0 0 0 0   ...  0 0 0 0 1.01672 0.404982 -4.13979 0 0 0 
            0 0 0 0 0 0 0 0 0 0   ...  0 1.80596 0 0 0 1.80367 0 -5.12792 0.755125 0 
            0 0 0 0 0 0 0 0 0 0   ...  0 -0.234227 0.567112 0 0 0.700984 0 0.755125 -3.68894 0.704713 
            0 0 0 0 0 0 0 0 0 0   ...  0 0 1.53906 0 0 0 0 0 0.704713 -4.34121 

b(psi_9) = 
 0 -3.40445 -3.99151 -2.91472 -2.88991 -2.90218 -0.521112 -0.548445 -3.07204 -3.23668  ...  4.82907 1.83254 3.44679 2.90675 4.82355 1.73834 3.46718 4.58027 1.53472 2.50823
A(psi_10) = 
             1 0 0 0 0 0 0 0 0 0   ...  0 0 0 0 0 0 0 0 0 0 
             0.679973 -3.33328 0.570622 0 0 0.50223 0 0 0 0   ...  0 0 0 0 0 0 0 0 0 0 
             0.749383 0.570622 -3.29525 0 0 0 0 0 0 0   ...  0 0 0 0 0 0 0 0 0 0 
             0.674522 0 0 -3.30955 0.486489 0.483084 0 0.682532 0 0   ...  0 0 0 0 0 0 0 0 0 0 
             0 0 0 0.486489 -3.30694 0.48696 0.680185 0.679305 0 0   ...  0 0 0 0 0 0 0 0 0 0 
             0.675371 0.50223 0 0.483084 0.48696 -3.30961 0.681887 0 0 0   ...  0 0 0 0 0 0 0 0 0 0 
             0 0 0 0 0.680185 0.681887 -3.44657 0 0 0   ...  0 0 0 0 0 0 0 0 0 0 
             0 0 0 0.682532 0.679305 0 0 -3.44714 0.703249 0   ...  0 0 0 0 0 0 0 0 0 0 
             0 0 0 0 0 0 0 0.703249 -3.32414 0.473444   ...  0 0 0 0 0 0 0 0 0 0 
             0 0 0 0 0 0 0 0 0.473444 -3.30701   ...  0 0 0 0 0 0 0 0 0 0 
               .
               .
               .
             0 0 0 0 0 0 0 0 0 0   ...  -4.78117 0.423154 1.0143 0 0 0 0 0 0 0 
             0 0 0 0 0 0 0 0 0 0   ...  0.423154 -4.0575 0.403731 0 0 0 0 1.8121 -0.237148 0 
             0 0 0 0 0 0 0 0 0 0   ...  1.0143 0.403731 -4.12234 0 0 0 0 0 0.569441 1.53287 
             0 0 0 0 0 0 0 0 0 0   ...  0 0 0 -4.23817 1.72665 0.602518 0 0 0 0 
             0 0 0 0 0 0 0 0 0 0   ...  0 0 0 1.72665 -4.7807 0.422966 1.02066 0 0 0 
             0 0 0 0 0 0 0 0 0 0   ...  0 0 0 0.602518 0.422966 -4.06983 0.406141 1.80946 0.696651 0 
             0 0 0 0 0 0 0 0 0 0   ...  0 0 0 0 1.02066 0.406141 -4.13602 0 0 0 
             0 0 0 0 0 0 0 0 0 0   ...  0 1.8121 0 0 0 1.80946 0 -5.14397 0.756987 0 
             0 0 0 0 0 0 0 0 0 0   ...  0 -0.237148 0.569441 0 0 0.696651 0 0.756987 -3.68106 0.704062 
             0 0 0 0 0 0 0 0 0 0   ...  0 0 1.53287 0 0 0 0 0 0.704062 -4.3347 

b(psi_10) = 
 0 -3.33302 -3.97619 -2.78986 -2.74957 -2.77654 -0.421667 -0.450897 -2.98385 -3.17909  ...  4.76072 1.80928 3.41693 2.85889 4.75553 1.7173 3.43874 4.46349 1.4907 2.44574
A(psi_11) = 
             1 0 0 0 0 0 0 0 0 0   ...  0 0 0 0 0 0 0 0 0 0 
             0.67968 -3.33538 0.571025 0 0 0.504473 0 0 0 0   ...  0 0 0 0 0 0 0 0 0 0 
             0.755957 0.571025 -3.29417 0 0 0 0 0 0 0   ...  0 0 0 0 0 0 0 0 0 0 
             0.673578 0 0 -3.31161 0.48705 0.483318 0 0.68254 0 0   ...  0 0 0 0 0 0 0 0 0 0 
             0 0 0 0.48705 -3.30892 0.487589 0.679998 0.679032 0 0   ...  0 0 0 0 0 0 0 0 0 0 
             0.674472 0.504473 0 0.483318 0.487589 -3.31165 0.681763 0 0 0   ...  0 0 0 0 0 0 0 0 0 0 
             0 0 0 0 0.679998 0.681763 -3.4495 0 0 0   ...  0 0 0 0 0 0 0 0 0 0 
             0 0 0 0.68254 0.679032 0 0 -3.45015 0.705114 0   ...  0 0 0 0 0 0 0 0 0 0 
             0 0 0 0 0 0 0 0.705114 -3.32763 0.472669   ...  0 0 0 0 0 0 0 0 0 0 
             0 0 0 0 0 0 0 0 0.472669 -3.30901   ...  0 0 0 0 0 0 0 0 0 0 
               .
               .
               .
             0 0 0 0 0 0 0 0 0 0   ...  -4.77138 0.426864 1.01756 0 0 0 0 0 0 0 
             0 0 0 0 0 0 0 0 0 0   ...  0.426864 -4.05491 0.404586 0 0 0 0 1.81764 -0.23984 0 
             0 0 0 0 0 0 0 0 0 0   ...  1.01756 0.404586 -4.11734 0 0 0 0 0 0.571711 1.52693 
             0 0 0 0 0 0 0 0 0 0   ...  0 0 0 -4.23843 1.71995 0.597854 0 0 0 0 
             0 0 0 0 0 0 0 0 0 0   ...  0 0 0 1.71995 -4.77074 0.426586 1.02447 0 0 0 
             0 0 0 0 0 0 0 0 0 0   ...  0 0 0 0.597854 0.426586 -4.06671 0.407419 1.81457 0.692399 0 
             0 0 0 0 0 0 0 0 0 0   ...  0 0 0 0 1.02447 0.407419 -4.13266 0 0 0 
             0 0 0 0 0 0 0 0 0 0   ...  0 1.81764 0 0 0 1.81457 0 -5.1583 0.758715 0 
             0 0 0 0 0 0 0 0 0 0   ...  0 -0.23984 0.571711 0 0 0.692399 0 0.758715 -3.67323 0.703334 
             0 0 0 0 0 0 0 0 0 0   ...  0 0 1.52693 0 0 0 0 0 0.703334 -4.32859 

b(psi_11) = 
 0 -3.26267 -3.95932 -2.67009 -2.61585 -2.65609 -0.326893 -0.357802 -2.89755 -3.12182  ...  4.69477 1.7878 3.38578 2.81114 4.69007 1.69835 3.40864 4.35211 1.4467 2.38279
A(psi_12) = 
             1 0 0 0 0 0 0 0 0 0   ...  0 0 0 0 0 0 0 0 0 0 
             0.679397 -3.33755 0.571465 0 0 0.506699 0 0 0 0   ...  0 0 0 0 0 0 0 0 0 0 
             0.762451 0.571465 -3.29335 0 0 0 0 0 0 0   ...  0 0 0 0 0 0 0 0 0 0 
             0.672631 0 0 -3.31357 0.487572 0.483538 0 0.682547 0 0   ...  0 0 0 0 0 0 0 0 0 0 
             0 0 0 0.487572 -3.31078 0.488182 0.679819 0.678768 0 0   ...  0 0 0 0 0 0 0 0 0 0 
             0.673559 0.506699 0 0.483538 0.488182 -3.31358 0.681627 0 0 0   ...  0 0 0 0 0 0 0 0 0 0 
             0 0 0 0 0.679819 0.681627 -3.45231 0 0 0   ...  0 0 0 0 0 0 0 0 0 0 
             0 0 0 0.682547 0.678768 0 0 -3.45302 0.706914 0   ...  0 0 0 0 0 0 0 0 0 0 
             0 0 0 0 0 0 0 0.706914 -3.33106 0.471904   ...  0 0 0 0 0 0 0 0 0 0 
             0 0 0 0 0 0 0 0 0.471904 -3.31108   ...  0 0 0 0 0 0 0 0 0 0 
               .
               .
               .
             0 0 0 0 0 0 0 0 0 0   ...  -4.76142 0.430313 1.0207 0 0 0 0 0 0 0 
             0 0 0 0 0 0 0 0 0 0   ...  0.430313 -4.05189 0.405531 0 0 0 0 1.82247 -0.24227 0 
             0 0 0 0 0 0 0 0 0 0   ...  1.0207 0.405531 -4.11272 0 0 0 0 0 0.573925 1.52125 
             0 0 0 0 0 0 0 0 0 0   ...  0 0 0 -4.23888 1.71341 0.593227 0 0 0 0 
             0 0 0 0 0 0 0 0 0 0   ...  0 0 0 1.71341 -4.76063 0.429925 1.02816 0 0 0 
             0 0 0 0 0 0 0 0 0 0   ...  0 0 0 0.593227 0.429925 -4.063 0.408814 1.8189 0.688249 0 
             0 0 0 0 0 0 0 0 0 0   ...  0 0 0 0 1.02816 0.408814 -4.12973 0 0 0 
             0 0 0 0 0 0 0 0 0 0   ...  0 1.82247 0 0 0 1.8189 0 -5.17059 0.760261 0 
             0 0 0 0 0 0 0 0 0 0   ...  0 -0.24227 0.573925 0 0 0.688249 0 0.760261 -3.66548 0.702529 
             0 0 0 0 0 0 0 0 0 0   ...  0 0 1.52125 0 0 0 0 0 0.702529 -4.32288 

b(psi_12) = 
 0 -3.19344 -3.94102 -2.55522 -2.48842 -2.54061 -0.236593 -0.268984 -2.81314 -3.06496  ...  4.63128 1.76797 3.35323 2.76342 4.62722 1.68135 3.3767 4.24768 1.40256 2.31944
A(psi_13) = 
             1 0 0 0 0 0 0 0 0 0   ...  0 0 0 0 0 0 0 0 0 0 
             0.679119 -3.33977 0.571938 0 0 0.508908 0 0 0 0   ...  0 0 0 0 0 0 0 0 0 0 
             0.768868 0.571938 -3.29277 0 0 0 0 0 0 0   ...  0 0 0 0 0 0 0 0 0 0 
             0.67168 0 0 -3.31543 0.488058 0.483745 0 0.682554 0 0   ...  0 0 0 0 0 0 0 0 0 0 
             0 0 0 0.488058 -3.31251 0.488742 0.679649 0.678515 0 0   ...  0 0 0 0 0 0 0 0 0 0 
             0.672633 0.508908 0 0.483745 0.488742 -3.3154 0.681479 0 0 0   ...  0 0 0 0 0 0 0 0 0 0 
             0 0 0 0 0.679649 0.681479 -3.45499 0 0 0   ...  0 0 0 0 0 0 0 0 0 0 
             0 0 0 0.682554 0.678515 0 0 -3.45576 0.70865 0   ...  0 0 0 0 0 0 0 0 0 0 
             0 0 0 0 0 0 0 0.70865 -3.33443 0.471145   ...  0 0 0 0 0 0 0 0 0 0 
             0 0 0 0 0 0 0 0 0.471145 -3.31321   ...  0 0 0 0 0 0 0 0 0 0 
               .
               .
               .
             0 0 0 0 0 0 0 0 0 0   ...  -4.75132 0.433493 1.02376 0 0 0 0 0 0 0 
             0 0 0 0 0 0 0 0 0 0   ...  0.433493 -4.04837 0.406563 0 0 0 0 1.82654 -0.244406 0 
             0 0 0 0 0 0 0 0 0 0   ...  1.02376 0.406563 -4.1085 0 0 0 0 0 0.576088 1.51584 
             0 0 0 0 0 0 0 0 0 0   ...  0 0 0 -4.23954 1.70705 0.58864 0 0 0 0 
             0 0 0 0 0 0 0 0 0 0   ...  0 0 0 1.70705 -4.75041 0.432976 1.03172 0 0 0 
             0 0 0 0 0 0 0 0 0 0   ...  0 0 0 0.58864 0.432976 -4.05864 0.410321 1.82235 0.684218 0 
             0 0 0 0 0 0 0 0 0 0   ...  0 0 0 0 1.03172 0.410321 -4.12725 0 0 0 
             0 0 0 0 0 0 0 0 0 0   ...  0 1.82654 0 0 0 1.82235 0 -5.18057 0.761583 0 
             0 0 0 0 0 0 0 0 0 0   ...  0 -0.244406 0.576088 0 0 0.684218 0 0.761583 -3.65782 0.701645 
             0 0 0 0 0 0 0 0 0 0   ...  0 0 1.51584 0 0 0 0 0 0.701645 -4.31756 

b(psi_13) = 
 0 -3.12537 -3.92143 -2.44507 -2.36695 -2.42991 -0.150568 -0.184271 -2.73064 -3.00854  ...  4.57028 1.74962 3.31915 2.71566 4.56695 1.66612 3.34278 4.15161 1.35812 2.25572
A(psi_14) = 
             1 0 0 0 0 0 0 0 0 0   ...  0 0 0 0 0 0 0 0 0 0 
             0.678846 -3.34204 0.57244 0 0 0.5111 0 0 0 0   ...  0 0 0 0 0 0 0 0 0 0 
             0.775213 0.57244 -3.29242 0 0 0 0 0 0 0   ...  0 0 0 0 0 0 0 0 0 0 
             0.670725 0 0 -3.31718 0.488509 0.483942 0 0.682563 0 0   ...  0 0 0 0 0 0 0 0 0 0 
             0 0 0 0.488509 -3.31413 0.48927 0.679487 0.678274 0 0   ...  0 0 0 0 0 0 0 0 0 0 
             0.671692 0.5111 0 0.483942 0.48927 -3.31712 0.681321 0 0 0   ...  0 0 0 0 0 0 0 0 0 0 
             0 0 0 0 0.679487 0.681321 -3.45756 0 0 0   ...  0 0 0 0 0 0 0 0 0 0 
             0 0 0 0.682563 0.678274 0 0 -3.45839 0.710324 0   ...  0 0 0 0 0 0 0 0 0 0 
             0 0 0 0 0 0 0 0.710324 -3.33772 0.47039   ...  0 0 0 0 0 0 0 0 0 0 
             0 0 0 0 0 0 0 0 0.47039 -3.31539   ...  0 0 0 0 0 0 0 0 0 0 
               .
               .
               .
             0 0 0 0 0 0 0 0 0 0   ...  -4.74109 0.436402 1.02672 0 0 0 0 0 0 0 
             0 0 0 0 0 0 0 0 0 0   ...  0.436402 -4.04434 0.407676 0 0 0 0 1.82976 -0.246224 0 
             0 0 0 0 0 0 0 0 0 0   ...  1.02672 0.407676 -4.10468 0 0 0 0 0 0.578205 1.51068 
             0 0 0 0 0 0 0 0 0 0   ...  0 0 0 -4.24042 1.70089 0.584095 0 0 0 0 
             0 0 0 0 0 0 0 0 0 0   ...  0 0 0 1.70089 -4.74009 0.435735 1.03518 0 0 0 
             0 0 0 0 0 0 0 0 0 0   ...  0 0 0 0.584095 0.435735 -4.05359 0.411931 1.82485 0.68032 0 
             0 0 0 0 0 0 0 0 0 0   ...  0 0 0 0 1.03518 0.411931 -4.12523 0 0 0 
             0 0 0 0 0 0 0 0 0 0   ...  0 1.82976 0 0 0 1.82485 0 -5.18801 0.762645 0 
             0 0 0 0 0 0 0 0 0 0   ...  0 -0.246224 0.578205 0 0 0.68032 0 0.762645 -3.65027 0.700682 
             0 0 0 0 0 0 0 0 0 0   ...  0 0 1.51068 0 0 0 0 0 0.700682 -4.31261 

b(psi_14) = 
 0 -3.05847 -3.90062 -2.33944 -2.25113 -2.3238 -0.0686273 -0.103496 -2.65001 -2.9526  ...  4.51172 1.73256 3.28344 2.66776 4.50921 1.65244 3.30673 4.06515 1.31323 2.19169
A(psi_15) = 
             1 0 0 0 0 0 0 0 0 0   ...  0 0 0 0 0 0 0 0 0 0 
             0.678574 -3.34435 0.572969 0 0 0.513275 0 0 0 0   ...  0 0 0 0 0 0 0 0 0 0 
             0.781492 0.572969 -3.2923 0 0 0 0 0 0 0   ...  0 0 0 0 0 0 0 0 0 0 
             0.669766 0 0 -3.31885 0.488927 0.484131 0 0.682576 0 0   ...  0 0 0 0 0 0 0 0 0 0 
             0 0 0 0.488927 -3.31564 0.489768 0.679336 0.678044 0 0   ...  0 0 0 0 0 0 0 0 0 0 
             0.670738 0.513275 0 0.484131 0.489768 -3.31875 0.681154 0 0 0   ...  0 0 0 0 0 0 0 0 0 0 
             0 0 0 0 0.679336 0.681154 -3.46001 0 0 0   ...  0 0 0 0 0 0 0 0 0 0 
             0 0 0 0.682576 0.678044 0 0 -3.46091 0.711936 0   ...  0 0 0 0 0 0 0 0 0 0 
             0 0 0 0 0 0 0 0.711936 -3.34095 0.469638   ...  0 0 0 0 0 0 0 0 0 0 
             0 0 0 0 0 0 0 0 0.469638 -3.31761   ...  0 0 0 0 0 0 0 0 0 0 
               .
               .
               .
             0 0 0 0 0 0 0 0 0 0   ...  -4.73075 0.439037 1.02961 0 0 0 0 0 0 0 
             0 0 0 0 0 0 0 0 0 0   ...  0.439037 -4.03975 0.408866 0 0 0 0 1.83208 -0.247703 0 
             0 0 0 0 0 0 0 0 0 0   ...  1.02961 0.408866 -4.10129 0 0 0 0 0 0.580279 1.5058 
             0 0 0 0 0 0 0 0 0 0   ...  0 0 0 -4.24153 1.69493 0.579596 0 0 0 0 
             0 0 0 0 0 0 0 0 0 0   ...  0 0 0 1.69493 -4.72972 0.438201 1.03855 0 0 0 
             0 0 0 0 0 0 0 0 0 0   ...  0 0 0 0.579596 0.438201 -4.0478 0.413639 1.82633 0.676567 0 
             0 0 0 0 0 0 0 0 0 0   ...  0 0 0 0 1.03855 0.413639 -4.12367 0 0 0 
             0 0 0 0 0 0 0 0 0 0   ...  0 1.83208 0 0 0 1.82633 0 -5.19274 0.763418 0 
             0 0 0 0 0 0 0 0 0 0   ...  0 -0.247703 0.580279 0 0 0.676567 0 0.763418 -3.64284 0.699642 
             0 0 0 0 0 0 0 0 0 0   ...  0 0 1.5058 0 0 0 0 0 0.699642 -4.30803 

b(psi_15) = 
 0 -2.99274 -3.87867 -2.23816 -2.14066 -2.22209 0.00941711 -0.0264868 -2.57126 -2.89717  ...  4.45554 1.71654 3.24604 2.61966 4.45387 1.64003 3.26844 3.98927 1.26773 2.12743
A(psi_16) = 
             1 0 0 0 0 0 0 0 0 0   ...  0 0 0 0 0 0 0 0 0 0 
             0.678302 -3.34668 0.573522 0 0 0.515435 0 0 0 0   ...  0 0 0 0 0 0 0 0 0 0 
             0.787708 0.573522 -3.29239 0 0 0 0 0 0 0   ...  0 0 0 0 0 0 0 0 0 0 
             0.668803 0 0 -3.32043 0.489314 0.484311 0 0.682593 0 0   ...  0 0 0 0 0 0 0 0 0 0 
             0 0 0 0.489314 -3.31706 0.490237 0.679196 0.677827 0 0   ...  0 0 0 0 0 0 0 0 0 0 
             0.669769 0.515435 0 0.484311 0.490237 -3.32029 0.68098 0 0 0   ...  0 0 0 0 0 0 0 0 0 0 
             0 0 0 0 0.679196 0.68098 -3.46236 0 0 0   ...  0 0 0 0 0 0 0 0 0 0 
             0 0 0 0.682593 0.677827 0 0 -3.46331 0.713488 0   ...  0 0 0 0 0 0 0 0 0 0 
             0 0 0 0 0 0 0 0.713488 -3.34411 0.468885   ...  0 0 0 0 0 0 0 0 0 0 
             0 0 0 0 0 0 0 0 0.468885 -3.31985   ...  0 0 0 0 0 0 0 0 0 0 
               .
               .
               .
             0 0 0 0 0 0 0 0 0 0   ...  -4.72034 0.441402 1.03243 0 0 0 0 0 0 0 
             0 0 0 0 0 0 0 0 0 0   ...  0.441402 -4.03459 0.410125 0 0 0 0 1.83347 -0.248832 0 
             0 0 0 0 0 0 0 0 0 0   ...  1.03243 0.410125 -4.09831 0 0 0 0 0 0.582312 1.50119 
             0 0 0 0 0 0 0 0 0 0   ...  0 0 0 -4.24288 1.6892 0.575143 0 0 0 0 
             0 0 0 0 0 0 0 0 0 0   ...  0 0 0 1.6892 -4.71933 0.440374 1.04184 0 0 0 
             0 0 0 0 0 0 0 0 0 0   ...  0 0 0 0.575143 0.440374 -4.04126 0.415434 1.82675 0.672971 0 
             0 0 0 0 0 0 0 0 0 0   ...  0 0 0 0 1.04184 0.415434 -4.1226 0 0 0 
             0 0 0 0 0 0 0 0 0 0   ...  0 1.83347 0 0 0 1.82675 0 -5.19462 0.763882 0 
             0 0 0 0 0 0 0 0 0 0   ...  0 -0.248832 0.582312 0 0 0.672971 0 0.763882 -3.63555 0.698527 
             0 0 0 0 0 0 0 0 0 0   ...  0 0 1.50119 0 0 0 0 0 0.698527 -4.30381 

b(psi_16) = 
 0 -2.92818 -3.85566 -2.14106 -2.03527 -2.12457 0.0837467 0.0469179 -2.49434 -2.84226  ...  4.40162 1.70132 3.20686 2.57132 4.4008 1.6286 3.22783 3.92469 1.22147 2.06299
A(psi_17) = 
             1 0 0 0 0 0 0 0 0 0   ...  0 0 0 0 0 0 0 0 0 0 
             0.678028 -3.34903 0.574095 0 0 0.517577 0 0 0 0   ...  0 0 0 0 0 0 0 0 0 0 
             0.793867 0.574095 -3.29268 0 0 0 0 0 0 0   ...  0 0 0 0 0 0 0 0 0 0 
             0.667835 0 0 -3.32193 0.489671 0.484486 0 0.682616 0 0   ...  0 0 0 0 0 0 0 0 0 0 
             0 0 0 0.489671 -3.31839 0.490679 0.679066 0.677622 0 0   ...  0 0 0 0 0 0 0 0 0 0 
             0.668786 0.517577 0 0.484486 0.490679 -3.32173 0.6808 0 0 0   ...  0 0 0 0 0 0 0 0 0 0 
             0 0 0 0 0.679066 0.6808 -3.4646 0 0 0   ...  0 0 0 0 0 0 0 0 0 0 
             0 0 0 0.682616 0.677622 0 0 -3.46562 0.714982 0   ...  0 0 0 0 0 0 0 0 0 0 
             0 0 0 0 0 0 0 0.714982 -3.34719 0.468132   ...  0 0 0 0 0 0 0 0 0 0 
             0 0 0 0 0 0 0 0 0.468132 -3.32211   ...  0 0 0 0 0 0 0 0 0 0 
               .
               .
               .
             0 0 0 0 0 0 0 0 0 0   ...  -4.70991 0.443498 1.03519 0 0 0 0 0 0 0 
             0 0 0 0 0 0 0 0 0 0   ...  0.443498 -4.02883 0.411447 0 0 0 0 1.8339 -0.249604 0 
             0 0 0 0 0 0 0 0 0 0   ...  1.03519 0.411447 -4.09575 0 0 0 0 0 0.58431 1.49685 
             0 0 0 0 0 0 0 0 0 0   ...  0 0 0 -4.24447 1.68371 0.570738 0 0 0 0 
             0 0 0 0 0 0 0 0 0 0   ...  0 0 0 1.68371 -4.70898 0.44226 1.04505 0 0 0 
             0 0 0 0 0 0 0 0 0 0   ...  0 0 0 0.570738 0.44226 -4.03394 0.417307 1.82607 0.669536 0 
             0 0 0 0 0 0 0 0 0 0   ...  0 0 0 0 1.04505 0.417307 -4.12202 0 0 0 
             0 0 0 0 0 0 0 0 0 0   ...  0 1.8339 0 0 0 1.82607 0 -5.19358 0.764026 0 
             0 0 0 0 0 0 0 0 0 0   ...  0 -0.249604 0.58431 0 0 0.669536 0 0.764026 -3.62841 0.697339 
             0 0 0 0 0 0 0 0 0 0   ...  0 0 1.49685 0 0 0 0 0 0.697339 -4.29993 

b(psi_17) = 
 0 -2.86477 -3.83162 -2.04794 -1.93467 -2.03106 0.154539 0.116883 -2.41921 -2.78786  ...  4.3498 1.68659 3.16587 2.52268 4.3498 1.61781 3.1848 3.8718 1.17431 1.99847
A(psi_18) = 
             1 0 0 0 0 0 0 0 0 0   ...  0 0 0 0 0 0 0 0 0 0 
             0.67775 -3.35139 0.574685 0 0 0.519702 0 0 0 0   ...  0 0 0 0 0 0 0 0 0 0 
             0.79997 0.574685 -3.29316 0 0 0 0 0 0 0   ...  0 0 0 0 0 0 0 0 0 0 
             0.666863 0 0 -3.32335 0.490001 0.484655 0 0.682647 0 0   ...  0 0 0 0 0 0 0 0 0 0 
             0 0 0 0.490001 -3.31963 0.491096 0.678946 0.67743 0 0   ...  0 0 0 0 0 0 0 0 0 0 
             0.667789 0.519702 0 0.484655 0.491096 -3.3231 0.680617 0 0 0   ...  0 0 0 0 0 0 0 0 0 0 
             0 0 0 0 0.678946 0.680617 -3.46676 0 0 0   ...  0 0 0 0 0 0 0 0 0 0 
             0 0 0 0.682647 0.67743 0 0 -3.46783 0.716417 0   ...  0 0 0 0 0 0 0 0 0 0 
             0 0 0 0 0 0 0 0.716417 -3.3502 0.467375   ...  0 0 0 0 0 0 0 0 0 0 
             0 0 0 0 0 0 0 0 0.467375 -3.32438   ...  0 0 0 0 0 0 0 0 0 0 
               .
               .
               .
             0 0 0 0 0 0 0 0 0 0   ...  -4.6995 0.445332 1.0379 0 0 0 0 0 0 0 
             0 0 0 0 0 0 0 0 0 0   ...  0.445332 -4.02249 0.412823 0 0 0 0 1.83337 -0.25002 0 
             0 0 0 0 0 0 0 0 0 0   ...  1.0379 0.412823 -4.09362 0 0 0 0 0 0.586275 1.49278 
             0 0 0 0 0 0 0 0 0 0   ...  0 0 0 -4.24632 1.67847 0.566383 0 0 0 0 
             0 0 0 0 0 0 0 0 0 0   ...  0 0 0 1.67847 -4.69872 0.443864 1.04821 0 0 0 
             0 0 0 0 0 0 0 0 0 0   ...  0 0 0 0.566383 0.443864 -4.02586 0.419247 1.82431 0.666269 0 
             0 0 0 0 0 0 0 0 0 0   ...  0 0 0 0 1.04821 0.419247 -4.12192 0 0 0 
             0 0 0 0 0 0 0 0 0 0   ...  0 1.83337 0 0 0 1.82431 0 -5.18963 0.763846 0 
             0 0 0 0 0 0 0 0 0 0   ...  0 -0.25002 0.586275 0 0 0.666269 0 0.763846 -3.62143 0.696079 
             0 0 0 0 0 0 0 0 0 0   ...  0 0 1.49278 0 0 0 0 0 0.696079 -4.29638 

b(psi_18) = 
 0 -2.80247 -3.80663 -1.95864 -1.8386 -1.94139 0.221973 0.183571 -2.34581 -2.73395  ...  4.29992 1.67206 3.12303 2.47371 4.30068 1.6073 3.13933 3.83069 1.12613 1.93395
A(psi_19) = 
             1 0 0 0 0 0 0 0 0 0   ...  0 0 0 0 0 0 0 0 0 0 
             0.677468 -3.35375 0.575293 0 0 0.521812 0 0 0 0   ...  0 0 0 0 0 0 0 0 0 0 
             0.806024 0.575293 -3.29383 0 0 0 0 0 0 0   ...  0 0 0 0 0 0 0 0 0 0 
             0.665888 0 0 -3.3247 0.490304 0.484821 0 0.682684 0 0   ...  0 0 0 0 0 0 0 0 0 0 
             0 0 0 0.490304 -3.32079 0.491487 0.67884 0.677251 0 0   ...  0 0 0 0 0 0 0 0 0 0 
             0.666778 0.521812 0 0.484821 0.491487 -3.3244 0.680428 0 0 0   ...  0 0 0 0 0 0 0 0 0 0 
             0 0 0 0 0.67884 0.680428 -3.46882 0 0 0   ...  0 0 0 0 0 0 0 0 0 0 
             0 0 0 0.682684 0.677251 0 0 -3.46995 0.717796 0   ...  0 0 0 0 0 0 0 0 0 0 
             0 0 0 0 0 0 0 0.717796 -3.35313 0.466613   ...  0 0 0 0 0 0 0 0 0 0 
             0 0 0 0 0 0 0 0 0.466613 -3.32665   ...  0 0 0 0 0 0 0 0 0 0 
               .
               .
               .
             0 0 0 0 0 0 0 0 0 0   ...  -4.68917 0.446913 1.04058 0 0 0 0 0 0 0 
             0 0 0 0 0 0 0 0 0 0   ...  0.446913 -4.01555 0.414246 0 0 0 0 1.8319 -0.250087 0 
             0 0 0 0 0 0 0 0 0 0   ...  1.04058 0.414246 -4.09192 0 0 0 0 0 0.588211 1.489 
             0 0 0 0 0 0 0 0 0 0   ...  0 0 0 -4.24842 1.67351 0.562079 0 0 0 0 
             0 0 0 0 0 0 0 0 0 0   ...  0 0 0 1.67351 -4.6886 0.445195 1.05133 0 0 0 
             0 0 0 0 0 0 0 0 0 0   ...  0 0 0 0.562079 0.445195 -4.01702 0.421245 1.82147 0.663169 0 
             0 0 0 0 0 0 0 0 0 0   ...  0 0 0 0 1.05133 0.421245 -4.12231 0 0 0 
             0 0 0 0 0 0 0 0 0 0   ...  0 1.8319 0 0 0 1.82147 0 -5.1828 0.76335 0 
             0 0 0 0 0 0 0 0 0 0   ...  0 -0.250087 0.588211 0 0 0.663169 0 0.76335 -3.61464 0.694754 
             0 0 0 0 0 0 0 0 0 0   ...  0 0 1.489 0 0 0 0 0 0.694754 -4.29316 

b(psi_19) = 
 0 -2.74122 -3.78065 -1.87294 -1.74679 -1.85532 0.28622 0.247141 -2.27409 -2.68052  ...  4.25176 1.65741 3.07834 2.42438 4.25321 1.59671 3.09138 3.80107 1.07683 1.86952
A(psi_20) = 
             1 0 0 0 0 0 0 0 0 0   ...  0 0 0 0 0 0 0 0 0 0 
             0.67718 -3.3561 0.575913 0 0 0.523904 0 0 0 0   ...  0 0 0 0 0 0 0 0 0 0 
             0.812031 0.575913 -3.29467 0 0 0 0 0 0 0   ...  0 0 0 0 0 0 0 0 0 0 
             0.664908 0 0 -3.32598 0.490582 0.484984 0 0.682729 0 0   ...  0 0 0 0 0 0 0 0 0 0 
             0 0 0 0.490582 -3.32189 0.491856 0.678745 0.677086 0 0   ...  0 0 0 0 0 0 0 0 0 0 
             0.665753 0.523904 0 0.484984 0.491856 -3.32562 0.680235 0 0 0   ...  0 0 0 0 0 0 0 0 0 0 
             0 0 0 0 0.678745 0.680235 -3.47079 0 0 0   ...  0 0 0 0 0 0 0 0 0 0 
             0 0 0 0.682729 0.677086 0 0 -3.47198 0.719118 0   ...  0 0 0 0 0 0 0 0 0 0 
             0 0 0 0 0 0 0 0.719118 -3.356 0.465846   ...  0 0 0 0 0 0 0 0 0 0 
             0 0 0 0 0 0 0 0 0.465846 -3.32892   ...  0 0 0 0 0 0 0 0 0 0 
               .
               .
               .
             0 0 0 0 0 0 0 0 0 0   ...  -4.67896 0.44825 1.04324 0 0 0 0 0 0 0 
             0 0 0 0 0 0 0 0 0 0   ...  0.44825 -4.00804 0.415706 0 0 0 0 1.8295 -0.24982 0 
             0 0 0 0 0 0 0 0 0 0   ...  1.04324 0.415706 -4.09064 0 0 0 0 0 0.590121 1.48548 
             0 0 0 0 0 0 0 0 0 0   ...  0 0 0 -4.25077 1.66883 0.557825 0 0 0 0 
             0 0 0 0 0 0 0 0 0 0   ...  0 0 0 1.66883 -4.67867 0.446265 1.05442 0 0 0 
             0 0 0 0 0 0 0 0 0 0   ...  0 0 0 0.557825 0.446265 -4.00744 0.423289 1.81759 0.660239 0 
             0 0 0 0 0 0 0 0 0 0   ...  0 0 0 0 1.05442 0.423289 -4.12319 0 0 0 
             0 0 0 0 0 0 0 0 0 0   ...  0 1.8295 0 0 0 1.81759 0 -5.1732 0.762548 0 
             0 0 0 0 0 0 0 0 0 0   ...  0 -0.24982 0.590121 0 0 0.660239 0 0.762548 -3.60803 0.693365 
             0 0 0 0 0 0 0 0 0 0   ...  0 0 1.48548 0 0 0 0 0 0.693365 -4.29024 

b(psi_20) = 
 0 -2.68098 -3.75372 -1.79068 -1.659 -1.77269 0.347445 0.307744 -2.20399 -2.62753  ...  4.20512 1.64232 3.03181 2.3747 4.20717 1.58564 3.04094 3.78241 1.02633 1.80528
A(psi_21) = 
             1 0 0 0 0 0 0 0 0 0   ...  0 0 0 0 0 0 0 0 0 0 
             0.676886 -3.35845 0.576545 0 0 0.52598 0 0 0 0   ...  0 0 0 0 0 0 0 0 0 0 
             0.817994 0.576545 -3.29568 0 0 0 0 0 0 0   ...  0 0 0 0 0 0 0 0 0 0 
             0.663926 0 0 -3.32719 0.490836 0.485146 0 0.682782 0 0   ...  0 0 0 0 0 0 0 0 0 0 
             0 0 0 0.490836 -3.32291 0.492202 0.678661 0.676934 0 0   ...  0 0 0 0 0 0 0 0 0 0 
             0.664715 0.52598 0 0.485146 0.492202 -3.32677 0.680041 0 0 0   ...  0 0 0 0 0 0 0 0 0 0 
             0 0 0 0 0.678661 0.680041 -3.47269 0 0 0   ...  0 0 0 0 0 0 0 0 0 0 
             0 0 0 0.682782 0.676934 0 0 -3.47393 0.720386 0   ...  0 0 0 0 0 0 0 0 0 0 
             0 0 0 0 0 0 0 0.720386 -3.35878 0.465072   ...  0 0 0 0 0 0 0 0 0 0 
             0 0 0 0 0 0 0 0 0.465072 -3.33118   ...  0 0 0 0 0 0 0 0 0 0 
               .
               .
               .
             0 0 0 0 0 0 0 0 0 0   ...  -4.66892 0.449357 1.04588 0 0 0 0 0 0 0 
             0 0 0 0 0 0 0 0 0 0   ...  0.449357 -3.99998 0.417194 0 0 0 0 1.82624 -0.249237 0 
             0 0 0 0 0 0 0 0 0 0   ...  1.04588 0.417194 -4.08978 0 0 0 0 0 0.592006 1.48224 
             0 0 0 0 0 0 0 0 0 0   ...  0 0 0 -4.25336 1.66444 0.553622 0 0 0 0 
             0 0 0 0 0 0 0 0 0 0   ...  0 0 0 1.66444 -4.66898 0.447089 1.05749 0 0 0 
             0 0 0 0 0 0 0 0 0 0   ...  0 0 0 0.553622 0.447089 -3.99717 0.425368 1.81273 0.657474 0 
             0 0 0 0 0 0 0 0 0 0   ...  0 0 0 0 1.05749 0.425368 -4.12454 0 0 0 
             0 0 0 0 0 0 0 0 0 0   ...  0 1.82624 0 0 0 1.81273 0 -5.16099 0.761464 0 
             0 0 0 0 0 0 0 0 0 0   ...  0 -0.249237 0.592006 0 0 0.657474 0 0.761464 -3.60163 0.691918 
             0 0 0 0 0 0 0 0 0 0   ...  0 0 1.48224 0 0 0 0 0 0.691918 -4.28763 

b(psi_21) = 
 0 -2.62168 -3.72585 -1.7117 -1.57501 -1.69332 0.405803 0.365527 -2.13543 -2.57494  ...  4.15978 1.62648 2.98346 2.32465 4.16231 1.57374 2.98804 3.77387 0.974568 1.74134
A(psi_22) = 
             1 0 0 0 0 0 0 0 0 0   ...  0 0 0 0 0 0 0 0 0 0 
             0.676583 -3.36077 0.577185 0 0 0.528038 0 0 0 0   ...  0 0 0 0 0 0 0 0 0 0 
             0.823916 0.577185 -3.29686 0 0 0 0 0 0 0   ...  0 0 0 0 0 0 0 0 0 0 
             0.66294 0 0 -3.32835 0.491068 0.485307 0 0.682845 0 0   ...  0 0 0 0 0 0 0 0 0 0 
             0 0 0 0.491068 -3.32387 0.492527 0.67859 0.676795 0 0   ...  0 0 0 0 0 0 0 0 0 0 
             0.663665 0.528038 0 0.485307 0.492527 -3.32786 0.679844 0 0 0   ...  0 0 0 0 0 0 0 0 0 0 
             0 0 0 0 0.67859 0.679844 -3.4745 0 0 0   ...  0 0 0 0 0 0 0 0 0 0 
             0 0 0 0.682845 0.676795 0 0 -3.4758 0.721601 0   ...  0 0 0 0 0 0 0 0 0 0 
             0 0 0 0 0 0 0 0.721601 -3.3615 0.464291   ...  0 0 0 0 0 0 0 0 0 0 
             0 0 0 0 0 0 0 0 0.464291 -3.33342   ...  0 0 0 0 0 0 0 0 0 0 
               .
               .
               .
             0 0 0 0 0 0 0 0 0 0   ...  -4.6591 0.450247 1.04852 0 0 0 0 0 0 0 
             0 0 0 0 0 0 0 0 0 0   ...  0.450247 -3.99141 0.418702 0 0 0 0 1.82217 -0.248364 0 
             0 0 0 0 0 0 0 0 0 0   ...  1.04852 0.418702 -4.08933 0 0 0 0 0 0.59387 1.47927 
             0 0 0 0 0 0 0 0 0 0   ...  0 0 0 -4.25619 1.66034 0.549471 0 0 0 0 
             0 0 0 0 0 0 0 0 0 0   ...  0 0 0 1.66034 -4.65958 0.447681 1.06055 0 0 0 
             0 0 0 0 0 0 0 0 0 0   ...  0 0 0 0.549471 0.447681 -3.98626 0.42747 1.80696 0.654871 0 
             0 0 0 0 0 0 0 0 0 0   ...  0 0 0 0 1.06055 0.42747 -4.12636 0 0 0 
             0 0 0 0 0 0 0 0 0 0   ...  0 1.82217 0 0 0 1.80696 0 -5.14637 0.76012 0 
             0 0 0 0 0 0 0 0 0 0   ...  0 -0.248364 0.59387 0 0 0.654871 0 0.76012 -3.59543 0.690417 
             0 0 0 0 0 0 0 0 0 0   ...  0 0 1.47927 0 0 0 0 0 0.690417 -4.28529 

b(psi_22) = 
 0 -2.56328 -3.69703 -1.63582 -1.49458 -1.61705 0.461449 0.420637 -2.06835 -2.52272  ...  4.11551 1.60959 2.93334 2.27426 4.11841 1.56065 2.93272 3.77441 0.921514 1.67781
A(psi_23) = 
             1 0 0 0 0 0 0 0 0 0   ...  0 0 0 0 0 0 0 0 0 0 
             0.676273 -3.36307 0.577832 0 0 0.530077 0 0 0 0   ...  0 0 0 0 0 0 0 0 0 0 
             0.829799 0.577832 -3.29818 0 0 0 0 0 0 0   ...  0 0 0 0 0 0 0 0 0 0 
             0.661952 0 0 -3.32945 0.491277 0.485467 0 0.682918 0 0   ...  0 0 0 0 0 0 0 0 0 0 
             0 0 0 0.491277 -3.32478 0.492833 0.678531 0.67667 0 0   ...  0 0 0 0 0 0 0 0 0 0 
             0.662603 0.530077 0 0.485467 0.492833 -3.32889 0.679647 0 0 0   ...  0 0 0 0 0 0 0 0 0 0 
             0 0 0 0 0.678531 0.679647 -3.47625 0 0 0   ...  0 0 0 0 0 0 0 0 0 0 
             0 0 0 0.682918 0.67667 0 0 -3.4776 0.722762 0   ...  0 0 0 0 0 0 0 0 0 0 
             0 0 0 0 0 0 0 0.722762 -3.36414 0.463502   ...  0 0 0 0 0 0 0 0 0 0 
             0 0 0 0 0 0 0 0 0.463502 -3.33564   ...  0 0 0 0 0 0 0 0 0 0 
               .
               .
               .
             0 0 0 0 0 0 0 0 0 0   ...  -4.64954 0.450934 1.05116 0 0 0 0 0 0 0 
             0 0 0 0 0 0 0 0 0 0   ...  0.450934 -3.98238 0.420218 0 0 0 0 1.81736 -0.247227 0 
             0 0 0 0 0 0 0 0 0 0   ...  1.05116 0.420218 -4.08929 0 0 0 0 0 0.595716 1.47657 
             0 0 0 0 0 0 0 0 0 0   ...  0 0 0 -4.25924 1.65654 0.545372 0 0 0 0 
             0 0 0 0 0 0 0 0 0 0   ...  0 0 0 1.65654 -4.65051 0.448058 1.06361 0 0 0 
             0 0 0 0 0 0 0 0 0 0   ...  0 0 0 0.545372 0.448058 -3.97476 0.429584 1.80036 0.652425 0 
             0 0 0 0 0 0 0 0 0 0   ...  0 0 0 0 1.06361 0.429584 -4.12864 0 0 0 
             0 0 0 0 0 0 0 0 0 0   ...  0 1.81736 0 0 0 1.80036 0 -5.12958 0.75855 0 
             0 0 0 0 0 0 0 0 0 0   ...  0 -0.247227 0.595716 0 0 0.652425 0 0.75855 -3.58946 0.688867 
             0 0 0 0 0 0 0 0 0 0   ...  0 0 1.47657 0 0 0 0 0 0.688867 -4.28323 

b(psi_23) = 
 0 -2.50571 -3.66727 -1.56287 -1.4175 -1.54369 0.514516 0.473199 -2.00268 -2.47083  ...  4.0721 1.59134 2.8815 2.22353 4.07525 1.54599 2.87505 3.78276 0.867156 1.61479
A(psi_24) = 
             1 0 0 0 0 0 0 0 0 0   ...  0 0 0 0 0 0 0 0 0 0 
             0.675954 -3.36535 0.578483 0 0 0.532099 0 0 0 0   ...  0 0 0 0 0 0 0 0 0 0 
             0.835647 0.578483 -3.29965 0 0 0 0 0 0 0   ...  0 0 0 0 0 0 0 0 0 0 
             0.660962 0 0 -3.33049 0.491467 0.485629 0 0.683001 0 0   ...  0 0 0 0 0 0 0 0 0 0 
             0 0 0 0.491467 -3.32562 0.493119 0.678484 0.676558 0 0   ...  0 0 0 0 0 0 0 0 0 0 
             0.661529 0.532099 0 0.485629 0.493119 -3.32986 0.679449 0 0 0   ...  0 0 0 0 0 0 0 0 0 0 
             0 0 0 0 0.678484 0.679449 -3.47792 0 0 0   ...  0 0 0 0 0 0 0 0 0 0 
             0 0 0 0.683001 0.676558 0 0 -3.47932 0.723873 0   ...  0 0 0 0 0 0 0 0 0 0 
             0 0 0 0 0 0 0 0.723873 -3.36671 0.462704   ...  0 0 0 0 0 0 0 0 0 0 
             0 0 0 0 0 0 0 0 0.462704 -3.33783   ...  0 0 0 0 0 0 0 0 0 0 
               .
               .
               .
             0 0 0 0 0 0 0 0 0 0   ...  -4.6403 0.451437 1.05382 0 0 0 0 0 0 0 
             0 0 0 0 0 0 0 0 0 0   ...  0.451437 -3.97292 0.421734 0 0 0 0 1.8119 -0.245861 0 
             0 0 0 0 0 0 0 0 0 0   ...  1.05382 0.421734 -4.08963 0 0 0 0 0 0.597545 1.47414 
             0 0 0 0 0 0 0 0 0 0   ...  0 0 0 -4.26249 1.65304 0.541326 0 0 0 0 
             0 0 0 0 0 0 0 0 0 0   ...  0 0 0 1.65304 -4.64181 0.44824 1.06667 0 0 0 
             0 0 0 0 0 0 0 0 0 0   ...  0 0 0 0.541326 0.44824 -3.96274 0.431699 1.79304 0.650127 0 
             0 0 0 0 0 0 0 0 0 0   ...  0 0 0 0 1.06667 0.431699 -4.13136 0 0 0 
             0 0 0 0 0 0 0 0 0 0   ...  0 1.8119 0 0 0 1.79304 0 -5.11089 0.756786 0 
             0 0 0 0 0 0 0 0 0 0   ...  0 -0.245861 0.597545 0 0 0.650127 0 0.756786 -3.58372 0.687273 
             0 0 0 0 0 0 0 0 0 0   ...  0 0 1.47414 0 0 0 0 0 0.687273 -4.28142 

b(psi_24) = 
 0 -2.44892 -3.63654 -1.49272 -1.3436 -1.4731 0.56515 0.523348 -1.93836 -2.41922  ...  4.02934 1.57149 2.82803 2.17252 4.03261 1.52948 2.81511 3.79756 0.811525 1.5524
A(psi_25) = 
             1 0 0 0 0 0 0 0 0 0   ...  0 0 0 0 0 0 0 0 0 0 
             0.675626 -3.36759 0.579137 0 0 0.534101 0 0 0 0   ...  0 0 0 0 0 0 0 0 0 0 
             0.84146 0.579137 -3.30127 0 0 0 0 0 0 0   ...  0 0 0 0 0 0 0 0 0 0 
             0.65997 0 0 -3.33148 0.491637 0.485791 0 0.683095 0 0   ...  0 0 0 0 0 0 0 0 0 0 
             0 0 0 0.491637 -3.32642 0.493387 0.678448 0.67646 0 0   ...  0 0 0 0 0 0 0 0 0 0 
             0.660444 0.534101 0 0.485791 0.493387 -3.33078 0.679252 0 0 0   ...  0 0 0 0 0 0 0 0 0 0 
             0 0 0 0 0.678448 0.679252 -3.47952 0 0 0   ...  0 0 0 0 0 0 0 0 0 0 
             0 0 0 0.683095 0.67646 0 0 -3.48097 0.724932 0   ...  0 0 0 0 0 0 0 0 0 0 
             0 0 0 0 0 0 0 0.724932 -3.36921 0.461897   ...  0 0 0 0 0 0 0 0 0 0 
             0 0 0 0 0 0 0 0 0.461897 -3.33998   ...  0 0 0 0 0 0 0 0 0 0 
               .
               .
               .
             0 0 0 0 0 0 0 0 0 0   ...  -4.6314 0.451772 1.05649 0 0 0 0 0 0 0 
             0 0 0 0 0 0 0 0 0 0   ...  0.451772 -3.96312 0.423242 0 0 0 0 1.80587 -0.244299 0 
             0 0 0 0 0 0 0 0 0 0   ...  1.05649 0.423242 -4.09035 0 0 0 0 0 0.59936 1.47196 
             0 0 0 0 0 0 0 0 0 0   ...  0 0 0 -4.26593 1.64982 0.537334 0 0 0 0 
             0 0 0 0 0 0 0 0 0 0   ...  0 0 0 1.64982 -4.63351 0.448245 1.06975 0 0 0 
             0 0 0 0 0 0 0 0 0 0   ...  0 0 0 0.537334 0.448245 -3.95029 0.433803 1.7851 0.64797 0 
             0 0 0 0 0 0 0 0 0 0   ...  0 0 0 0 1.06975 0.433803 -4.13451 0 0 0 
             0 0 0 0 0 0 0 0 0 0   ...  0 1.80587 0 0 0 1.7851 0 -5.09059 0.754867 0 
             0 0 0 0 0 0 0 0 0 0   ...  0 -0.244299 0.59936 0 0 0.64797 0 0.754867 -3.5782 0.685642 
             0 0 0 0 0 0 0 0 0 0   ...  0 0 1.47196 0 0 0 0 0 0.685642 -4.27984 

b(psi_25) = 
 0 -2.39283 -3.60486 -1.4252 -1.27266 -1.40513 0.61347 0.571202 -1.87531 -2.36786  ...  3.98704 1.54979 2.77302 2.12125 3.99031 1.51083 2.75302 3.81733 0.754673 1.49076
A(psi_26) = 
             1 0 0 0 0 0 0 0 0 0   ...  0 0 0 0 0 0 0 0 0 0 
             0.675289 -3.3698 0.579793 0 0 0.536085 0 0 0 0   ...  0 0 0 0 0 0 0 0 0 0 
             0.847241 0.579793 -3.30301 0 0 0 0 0 0 0   ...  0 0 0 0 0 0 0 0 0 0 
             0.658978 0 0 -3.33242 0.491788 0.485954 0 0.683199 0 0   ...  0 0 0 0 0 0 0 0 0 0 
             0 0 0 0.491788 -3.32717 0.493638 0.678425 0.676375 0 0   ...  0 0 0 0 0 0 0 0 0 0 
             0.659349 0.536085 0 0.485954 0.493638 -3.33165 0.679055 0 0 0   ...  0 0 0 0 0 0 0 0 0 0 
             0 0 0 0 0.678425 0.679055 -3.48106 0 0 0   ...  0 0 0 0 0 0 0 0 0 0 
             0 0 0 0.683199 0.676375 0 0 -3.48256 0.725943 0   ...  0 0 0 0 0 0 0 0 0 0 
             0 0 0 0 0 0 0 0.725943 -3.37164 0.461081   ...  0 0 0 0 0 0 0 0 0 0 
             0 0 0 0 0 0 0 0 0.461081 -3.3421   ...  0 0 0 0 0 0 0 0 0 0 
               .
               .
               .
             0 0 0 0 0 0 0 0 0 0   ...  -4.62288 0.451957 1.05918 0 0 0 0 0 0 0 
             0 0 0 0 0 0 0 0 0 0   ...  0.451957 -3.95302 0.42473 0 0 0 0 1.79939 -0.24258 0 
             0 0 0 0 0 0 0 0 0 0   ...  1.05918 0.42473 -4.09144 0 0 0 0 0 0.601163 1.47004 
             0 0 0 0 0 0 0 0 0 0   ...  0 0 0 -4.26954 1.64689 0.533396 0 0 0 0 
             0 0 0 0 0 0 0 0 0 0   ...  0 0 0 1.64689 -4.62563 0.448095 1.07285 0 0 0 
             0 0 0 0 0 0 0 0 0 0   ...  0 0 0 0.533396 0.448095 -3.93749 0.435887 1.77667 0.645945 0 
             0 0 0 0 0 0 0 0 0 0   ...  0 0 0 0 1.07285 0.435887 -4.13805 0 0 0 
             0 0 0 0 0 0 0 0 0 0   ...  0 1.79939 0 0 0 1.77667 0 -5.06902 0.752832 0 
             0 0 0 0 0 0 0 0 0 0   ...  0 -0.24258 0.601163 0 0 0.645945 0 0.752832 -3.57292 0.683979 
             0 0 0 0 0 0 0 0 0 0   ...  0 0 1.47004 0 0 0 0 0 0.683979 -4.27849 

b(psi_26) = 
 0 -2.33742 -3.57221 -1.3602 -1.20455 -1.33964 0.659581 0.616856 -1.81351 -2.31673  ...  3.94501 1.52602 2.71657 2.06976 3.94816 1.4898 2.6889 3.84056 0.696665 1.42998
A(psi_27) = 
             1 0 0 0 0 0 0 0 0 0   ...  0 0 0 0 0 0 0 0 0 0 
             0.674943 -3.37197 0.580448 0 0 0.538048 0 0 0 0   ...  0 0 0 0 0 0 0 0 0 0 
             0.852991 0.580448 -3.30488 0 0 0 0 0 0 0   ...  0 0 0 0 0 0 0 0 0 0 
             0.657984 0 0 -3.33331 0.491921 0.48612 0 0.683313 0 0   ...  0 0 0 0 0 0 0 0 0 0 
             0 0 0 0.491921 -3.32787 0.493872 0.678413 0.676302 0 0   ...  0 0 0 0 0 0 0 0 0 0 
             0.658244 0.538048 0 0.48612 0.493872 -3.33246 0.67886 0 0 0   ...  0 0 0 0 0 0 0 0 0 0 
             0 0 0 0 0.678413 0.67886 -3.48253 0 0 0   ...  0 0 0 0 0 0 0 0 0 0 
             0 0 0 0.683313 0.676302 0 0 -3.48408 0.726905 0   ...  0 0 0 0 0 0 0 0 0 0 
             0 0 0 0 0 0 0 0.726905 -3.374 0.460255   ...  0 0 0 0 0 0 0 0 0 0 
             0 0 0 0 0 0 0 0 0.460255 -3.34419   ...  0 0 0 0 0 0 0 0 0 0 
               .
               .
               .
             0 0 0 0 0 0 0 0 0 0   ...  -4.61476 0.452011 1.0619 0 0 0 0 0 0 0 
             0 0 0 0 0 0 0 0 0 0   ...  0.452011 -3.9427 0.426192 0 0 0 0 1.79255 -0.240743 0 
             0 0 0 0 0 0 0 0 0 0   ...  1.0619 0.426192 -4.09286 0 0 0 0 0 0.602955 1.46836 
             0 0 0 0 0 0 0 0 0 0   ...  0 0 0 -4.27328 1.64423 0.529516 0 0 0 0 
             0 0 0 0 0 0 0 0 0 0   ...  0 0 0 1.64423 -4.61821 0.44781 1.07596 0 0 0 
             0 0 0 0 0 0 0 0 0 0   ...  0 0 0 0.529516 0.44781 -3.92443 0.437942 1.76786 0.644042 0 
             0 0 0 0 0 0 0 0 0 0   ...  0 0 0 0 1.07596 0.437942 -4.14198 0 0 0 
             0 0 0 0 0 0 0 0 0 0   ...  0 1.79255 0 0 0 1.76786 0 -5.04649 0.750722 0 
             0 0 0 0 0 0 0 0 0 0   ...  0 -0.240743 0.602955 0 0 0.644042 0 0.750722 -3.56788 0.682291 
             0 0 0 0 0 0 0 0 0 0   ...  0 0 1.46836 0 0 0 0 0 0.682291 -4.27735 

b(psi_27) = 
 0 -2.28264 -3.5386 -1.2976 -1.1391 -1.27652 0.703588 0.660413 -1.75289 -2.26579  ...  3.9031 1.50002 2.6588 2.01811 3.90602 1.46619 2.6229 3.86575 0.637621 1.37017
A(psi_28) = 
             1 0 0 0 0 0 0 0 0 0   ...  0 0 0 0 0 0 0 0 0 0 
             0.674587 -3.37409 0.581101 0 0 0.539991 0 0 0 0   ...  0 0 0 0 0 0 0 0 0 0 
             0.858712 0.581101 -3.30688 0 0 0 0 0 0 0   ...  0 0 0 0 0 0 0 0 0 0 
             0.656991 0 0 -3.33416 0.492038 0.486288 0 0.683439 0 0   ...  0 0 0 0 0 0 0 0 0 0 
             0 0 0 0.492038 -3.32854 0.49409 0.678413 0.676243 0 0   ...  0 0 0 0 0 0 0 0 0 0 
             0.65713 0.539991 0 0.486288 0.49409 -3.33323 0.678666 0 0 0   ...  0 0 0 0 0 0 0 0 0 0 
             0 0 0 0 0.678413 0.678666 -3.48395 0 0 0   ...  0 0 0 0 0 0 0 0 0 0 
             0 0 0 0.683439 0.676243 0 0 -3.48555 0.727819 0   ...  0 0 0 0 0 0 0 0 0 0 
             0 0 0 0 0 0 0 0.727819 -3.37629 0.45942   ...  0 0 0 0 0 0 0 0 0 0 
             0 0 0 0 0 0 0 0 0.45942 -3.34622   ...  0 0 0 0 0 0 0 0 0 0 
               .
               .
               .
             0 0 0 0 0 0 0 0 0 0   ...  -4.60707 0.451954 1.06464 0 0 0 0 0 0 0 
             0 0 0 0 0 0 0 0 0 0   ...  0.451954 -3.93224 0.427618 0 0 0 0 1.78547 -0.23883 0 
             0 0 0 0 0 0 0 0 0 0   ...  1.06464 0.427618 -4.09461 0 0 0 0 0 0.604739 1.46693 
             0 0 0 0 0 0 0 0 0 0   ...  0 0 0 -4.27713 1.64182 0.525695 0 0 0 0 
             0 0 0 0 0 0 0 0 0 0   ...  0 0 0 1.64182 -4.61125 0.447413 1.0791 0 0 0 
             0 0 0 0 0 0 0 0 0 0   ...  0 0 0 0.525695 0.447413 -3.91121 0.439957 1.7588 0.642251 0 
             0 0 0 0 0 0 0 0 0 0   ...  0 0 0 0 1.0791 0.439957 -4.14625 0 0 0 
             0 0 0 0 0 0 0 0 0 0   ...  0 1.78547 0 0 0 1.7588 0 -5.02336 0.748576 0 
             0 0 0 0 0 0 0 0 0 0   ...  0 -0.23883 0.604739 0 0 0.642251 0 0.748576 -3.56307 0.680583 
             0 0 0 0 0 0 0 0 0 0   ...  0 0 1.46693 0 0 0 0 0 0.680583 -4.27639 

b(psi_28) = 
 0 -2.22844 -3.50404 -1.23727 -1.07618 -1.21564 0.745585 0.701962 -1.69341 -2.21504  ...  3.86115 1.47167 2.59984 1.96635 3.86375 1.43987 2.55517 3.89143 0.577666 1.31143
A(psi_29) = 
             1 0 0 0 0 0 0 0 0 0   ...  0 0 0 0 0 0 0 0 0 0 
             0.674222 -3.37617 0.581751 0 0 0.541913 0 0 0 0   ...  0 0 0 0 0 0 0 0 0 0 
             0.864403 0.581751 -3.30899 0 0 0 0 0 0 0   ...  0 0 0 0 0 0 0 0 0 0 
             0.655999 0 0 -3.33497 0.492139 0.486458 0 0.683576 0 0   ...  0 0 0 0 0 0 0 0 0 0 
             0 0 0 0.492139 -3.32916 0.494293 0.678425 0.676196 0 0   ...  0 0 0 0 0 0 0 0 0 0 
             0.656007 0.541913 0 0.486458 0.494293 -3.33395 0.678474 0 0 0   ...  0 0 0 0 0 0 0 0 0 0 
             0 0 0 0 0.678425 0.678474 -3.4853 0 0 0   ...  0 0 0 0 0 0 0 0 0 0 
             0 0 0 0.683576 0.676196 0 0 -3.48695 0.728687 0   ...  0 0 0 0 0 0 0 0 0 0 
             0 0 0 0 0 0 0 0.728687 -3.37851 0.458575   ...  0 0 0 0 0 0 0 0 0 0 
             0 0 0 0 0 0 0 0 0.458575 -3.34821   ...  0 0 0 0 0 0 0 0 0 0 
               .
               .
               .
             0 0 0 0 0 0 0 0 0 0   ...  -4.59982 0.451804 1.06741 0 0 0 0 0 0 0 
             0 0 0 0 0 0 0 0 0 0   ...  0.451804 -3.92171 0.429001 0 0 0 0 1.77827 -0.236882 0 
             0 0 0 0 0 0 0 0 0 0   ...  1.06741 0.429001 -4.09665 0 0 0 0 0 0.606516 1.46572 
             0 0 0 0 0 0 0 0 0 0   ...  0 0 0 -4.28106 1.63965 0.521935 0 0 0 0 
             0 0 0 0 0 0 0 0 0 0   ...  0 0 0 1.63965 -4.60475 0.446926 1.08225 0 0 0 
             0 0 0 0 0 0 0 0 0 0   ...  0 0 0 0.521935 0.446926 -3.89792 0.441926 1.74964 0.640561 0 
             0 0 0 0 0 0 0 0 0 0   ...  0 0 0 0 1.08225 0.441926 -4.15083 0 0 0 
             0 0 0 0 0 0 0 0 0 0   ...  0 1.77827 0 0 0 1.74964 0 -4.99998 0.746436 0 
             0 0 0 0 0 0 0 0 0 0   ...  0 -0.236882 0.606516 0 0 0.640561 0 0.746436 -3.5585 0.678863 
             0 0 0 0 0 0 0 0 0 0   ...  0 0 1.46572 0 0 0 0 0 0.678863 -4.2756 

b(psi_29) = 
 0 -2.1748 -3.46855 -1.17914 -1.01566 -1.15691 0.785648 0.741572 -1.63504 -2.16446  ...  3.81907 1.44086 2.53983 1.91455 3.82126 1.41076 2.48591 3.91621 0.51696 1.25388
A(psi_30) = 
             1 0 0 0 0 0 0 0 0 0   ...  0 0 0 0 0 0 0 0 0 0 
             0.673847 -3.3782 0.582397 0 0 0.543814 0 0 0 0   ...  0 0 0 0 0 0 0 0 0 0 
             0.870067 0.582397 -3.31121 0 0 0 0 0 0 0   ...  0 0 0 0 0 0 0 0 0 0 
             0.655008 0 0 -3.33574 0.492225 0.486632 0 0.683724 0 0   ...  0 0 0 0 0 0 0 0 0 0 
             0 0 0 0.492225 -3.32974 0.494481 0.678447 0.676162 0 0   ...  0 0 0 0 0 0 0 0 0 0 
             0.654878 0.543814 0 0.486632 0.494481 -3.33463 0.678285 0 0 0   ...  0 0 0 0 0 0 0 0 0 0 
             0 0 0 0 0.678447 0.678285 -3.48661 0 0 0   ...  0 0 0 0 0 0 0 0 0 0 
             0 0 0 0.683724 0.676162 0 0 -3.4883 0.72951 0   ...  0 0 0 0 0 0 0 0 0 0 
             0 0 0 0 0 0 0 0.72951 -3.38067 0.45772   ...  0 0 0 0 0 0 0 0 0 0 
             0 0 0 0 0 0 0 0 0.45772 -3.35016   ...  0 0 0 0 0 0 0 0 0 0 
               .
               .
               .
             0 0 0 0 0 0 0 0 0 0   ...  -4.59302 0.45158 1.0702 0 0 0 0 0 0 0 
             0 0 0 0 0 0 0 0 0 0   ...  0.45158 -3.9112 0.430334 0 0 0 0 1.77107 -0.234942 0 
             0 0 0 0 0 0 0 0 0 0   ...  1.0702 0.430334 -4.09897 0 0 0 0 0 0.608288 1.46474 
             0 0 0 0 0 0 0 0 0 0   ...  0 0 0 -4.28502 1.6377 0.51824 0 0 0 0 
             0 0 0 0 0 0 0 0 0 0   ...  0 0 0 1.6377 -4.59871 0.44637 1.08541 0 0 0 
             0 0 0 0 0 0 0 0 0 0   ...  0 0 0 0.51824 0.44637 -3.88467 0.443839 1.74049 0.638961 0 
             0 0 0 0 0 0 0 0 0 0   ...  0 0 0 0 1.08541 0.443839 -4.15571 0 0 0 
             0 0 0 0 0 0 0 0 0 0   ...  0 1.77107 0 0 0 1.74049 0 -4.97669 0.74434 0 
             0 0 0 0 0 0 0 0 0 0   ...  0 -0.234942 0.608288 0 0 0.638961 0 0.74434 -3.55415 0.677136 
             0 0 0 0 0 0 0 0 0 0   ...  0 0 1.46474 0 0 0 0 0 0.677136 -4.27497 

b(psi_30) = 
 0 -2.12173 -3.43215 -1.1231 -0.957439 -1.10025 0.82384 0.779311 -1.57777 -2.11407  ...  3.77674 1.40756 2.47892 1.86277 3.77845 1.37882 2.4153 3.93879 0.455682 1.19759
A(psi_31) = 
             1 0 0 0 0 0 0 0 0 0   ...  0 0 0 0 0 0 0 0 0 0 
             0.673464 -3.38018 0.583037 0 0 0.545693 0 0 0 0   ...  0 0 0 0 0 0 0 0 0 0 
             0.875703 0.583037 -3.31354 0 0 0 0 0 0 0   ...  0 0 0 0 0 0 0 0 0 0 
             0.654018 0 0 -3.33647 0.492295 0.486808 0 0.683883 0 0   ...  0 0 0 0 0 0 0 0 0 0 
             0 0 0 0.492295 -3.33029 0.494656 0.678481 0.676141 0 0   ...  0 0 0 0 0 0 0 0 0 0 
             0.653741 0.545693 0 0.486808 0.494656 -3.33527 0.678099 0 0 0   ...  0 0 0 0 0 0 0 0 0 0 
             0 0 0 0 0.678481 0.678099 -3.48786 0 0 0   ...  0 0 0 0 0 0 0 0 0 0 
             0 0 0 0.683883 0.676141 0 0 -3.48959 0.730288 0   ...  0 0 0 0 0 0 0 0 0 0 
             0 0 0 0 0 0 0 0.730288 -3.38277 0.456856   ...  0 0 0 0 0 0 0 0 0 0 
             0 0 0 0 0 0 0 0 0.456856 -3.35205   ...  0 0 0 0 0 0 0 0 0 0 
               .
               .
               .
             0 0 0 0 0 0 0 0 0 0   ...  -4.58666 0.451305 1.07301 0 0 0 0 0 0 0 
             0 0 0 0 0 0 0 0 0 0   ...  0.451305 -3.9008 0.431608 0 0 0 0 1.76398 -0.233051 0 
             0 0 0 0 0 0 0 0 0 0   ...  1.07301 0.431608 -4.10153 0 0 0 0 0 0.610056 1.46397 
             0 0 0 0 0 0 0 0 0 0   ...  0 0 0 -4.28899 1.63593 0.514612 0 0 0 0 
             0 0 0 0 0 0 0 0 0 0   ...  0 0 0 1.63593 -4.59313 0.445767 1.08858 0 0 0 
             0 0 0 0 0 0 0 0 0 0   ...  0 0 0 0.514612 0.445767 -3.87156 0.445692 1.73149 0.637441 0 
             0 0 0 0 0 0 0 0 0 0   ...  0 0 0 0 1.08858 0.445692 -4.16083 0 0 0 
             0 0 0 0 0 0 0 0 0 0   ...  0 1.76398 0 0 0 1.73149 0 -4.95383 0.742326 0 
             0 0 0 0 0 0 0 0 0 0   ...  0 -0.233051 0.610056 0 0 0.637441 0 0.742326 -3.55002 0.675411 
             0 0 0 0 0 0 0 0 0 0   ...  0 0 1.46397 0 0 0 0 0 0.675411 -4.27446 

b(psi_31) = 
 0 -2.06918 -3.39489 -1.06909 -0.901419 -1.04557 0.860234 0.815236 -1.52157 -2.06386  ...  3.73411 1.37177 2.41726 1.81107 3.73528 1.34408 2.34356 3.95801 0.394044 1.14269
A(psi_32) = 
             1 0 0 0 0 0 0 0 0 0   ...  0 0 0 0 0 0 0 0 0 0 
             0.673072 -3.3821 0.58367 0 0 0.54755 0 0 0 0   ...  0 0 0 0 0 0 0 0 0 0 
             0.881313 0.58367 -3.31596 0 0 0 0 0 0 0   ...  0 0 0 0 0 0 0 0 0 0 
             0.65303 0 0 -3.33716 0.492352 0.486988 0 0.684053 0 0   ...  0 0 0 0 0 0 0 0 0 0 
             0 0 0 0.492352 -3.33081 0.494817 0.678526 0.676131 0 0   ...  0 0 0 0 0 0 0 0 0 0 
             0.652598 0.54755 0 0.486988 0.494817 -3.33587 0.677916 0 0 0   ...  0 0 0 0 0 0 0 0 0 0 
             0 0 0 0 0.678526 0.677916 -3.48906 0 0 0   ...  0 0 0 0 0 0 0 0 0 0 
             0 0 0 0.684053 0.676131 0 0 -3.49084 0.731023 0   ...  0 0 0 0 0 0 0 0 0 0 
             0 0 0 0 0 0 0 0.731023 -3.3848 0.455983   ...  0 0 0 0 0 0 0 0 0 0 
             0 0 0 0 0 0 0 0 0.455983 -3.35388   ...  0 0 0 0 0 0 0 0 0 0 
               .
               .
               .
             0 0 0 0 0 0 0 0 0 0   ...  -4.58074 0.450994 1.07583 0 0 0 0 0 0 0 
             0 0 0 0 0 0 0 0 0 0   ...  0.450994 -3.89059 0.43282 0 0 0 0 1.75713 -0.23125 0 
             0 0 0 0 0 0 0 0 0 0   ...  1.07583 0.43282 -4.10431 0 0 0 0 0 0.611823 1.46339 
             0 0 0 0 0 0 0 0 0 0   ...  0 0 0 -4.29292 1.63433 0.511055 0 0 0 0 
             0 0 0 0 0 0 0 0 0 0   ...  0 0 0 1.63433 -4.588 0.44514 1.09174 0 0 0 
             0 0 0 0 0 0 0 0 0 0   ...  0 0 0 0.511055 0.44514 -3.85869 0.447477 1.72276 0.635987 0 
             0 0 0 0 0 0 0 0 0 0   ...  0 0 0 0 1.09174 0.447477 -4.16616 0 0 0 
             0 0 0 0 0 0 0 0 0 0   ...  0 1.75713 0 0 0 1.72276 0 -4.93175 0.740431 0 
             0 0 0 0 0 0 0 0 0 0   ...  0 -0.23125 0.611823 0 0 0.635987 0 0.740431 -3.54611 0.673694 
             0 0 0 0 0 0 0 0 0 0   ...  0 0 1.46339 0 0 0 0 0 0.673694 -4.27406 

b(psi_32) = 
 0 -2.01718 -3.3568 -1.01703 -0.847521 -0.992814 0.894867 0.849395 -1.46644 -2.01386  ...  3.69112 1.33355 2.35502 1.75952 3.69172 1.30665 2.2709 3.97285 0.332276 1.08923
A(psi_33) = 
             1 0 0 0 0 0 0 0 0 0   ...  0 0 0 0 0 0 0 0 0 0 
             0.672671 -3.38398 0.584296 0 0 0.549385 0 0 0 0   ...  0 0 0 0 0 0 0 0 0 0 
             0.886895 0.584296 -3.31849 0 0 0 0 0 0 0   ...  0 0 0 0 0 0 0 0 0 0 
             0.652045 0 0 -3.33781 0.492396 0.487171 0 0.684233 0 0   ...  0 0 0 0 0 0 0 0 0 0 
             0 0 0 0.492396 -3.3313 0.494965 0.678582 0.676134 0 0   ...  0 0 0 0 0 0 0 0 0 0 
             0.651449 0.549385 0 0.487171 0.494965 -3.33643 0.677736 0 0 0   ...  0 0 0 0 0 0 0 0 0 0 
             0 0 0 0 0.678582 0.677736 -3.49021 0 0 0   ...  0 0 0 0 0 0 0 0 0 0 
             0 0 0 0.684233 0.676134 0 0 -3.49203 0.731715 0   ...  0 0 0 0 0 0 0 0 0 0 
             0 0 0 0 0 0 0 0.731715 -3.38677 0.455101   ...  0 0 0 0 0 0 0 0 0 0 
             0 0 0 0 0 0 0 0 0.455101 -3.35567   ...  0 0 0 0 0 0 0 0 0 0 
               .
               .
               .
             0 0 0 0 0 0 0 0 0 0   ...  -4.57524 0.450666 1.07867 0 0 0 0 0 0 0 
             0 0 0 0 0 0 0 0 0 0   ...  0.450666 -3.88066 0.433964 0 0 0 0 1.75063 -0.229579 0 
             0 0 0 0 0 0 0 0 0 0   ...  1.07867 0.433964 -4.10728 0 0 0 0 0 0.613588 1.463 
             0 0 0 0 0 0 0 0 0 0   ...  0 0 0 -4.29677 1.63287 0.507573 0 0 0 0 
             0 0 0 0 0 0 0 0 0 0   ...  0 0 0 1.63287 -4.58328 0.444506 1.0949 0 0 0 
             0 0 0 0 0 0 0 0 0 0   ...  0 0 0 0.507573 0.444506 -3.84617 0.449192 1.71444 0.63459 0 
             0 0 0 0 0 0 0 0 0 0   ...  0 0 0 0 1.0949 0.449192 -4.17167 0 0 0 
             0 0 0 0 0 0 0 0 0 0   ...  0 1.75063 0 0 0 1.71444 0 -4.91078 0.738686 0 
             0 0 0 0 0 0 0 0 0 0   ...  0 -0.229579 0.613588 0 0 0.63459 0 0.738686 -3.54239 0.671991 
             0 0 0 0 0 0 0 0 0 0   ...  0 0 1.463 0 0 0 0 0 0.671991 -4.27376 

b(psi_33) = 
 0 -1.96573 -3.31794 -0.966882 -0.795675 -0.941919 0.927789 0.881827 -1.41238 -1.9641  ...  3.64777 1.29298 2.29237 1.70821 3.64776 1.26663 2.19755 3.98241 0.270599 1.03729
A(psi_34) = 
             1 0 0 0 0 0 0 0 0 0   ...  0 0 0 0 0 0 0 0 0 0 
             0.672263 -3.38579 0.584914 0 0 0.551196 0 0 0 0   ...  0 0 0 0 0 0 0 0 0 0 
             0.892452 0.584914 -3.3211 0 0 0 0 0 0 0   ...  0 0 0 0 0 0 0 0 0 0 
             0.651064 0 0 -3.33844 0.492428 0.487358 0 0.684424 0 0   ...  0 0 0 0 0 0 0 0 0 0 
             0 0 0 0.492428 -3.33175 0.495101 0.678648 0.676148 0 0   ...  0 0 0 0 0 0 0 0 0 0 
             0.650296 0.551196 0 0.487358 0.495101 -3.33696 0.677559 0 0 0   ...  0 0 0 0 0 0 0 0 0 0 
             0 0 0 0 0.678648 0.677559 -3.49131 0 0 0   ...  0 0 0 0 0 0 0 0 0 0 
             0 0 0 0.684424 0.676148 0 0 -3.49318 0.732366 0   ...  0 0 0 0 0 0 0 0 0 0 
             0 0 0 0 0 0 0 0.732366 -3.38868 0.454211   ...  0 0 0 0 0 0 0 0 0 0 
             0 0 0 0 0 0 0 0 0.454211 -3.35739   ...  0 0 0 0 0 0 0 0 0 0 
               .
               .
               .
             0 0 0 0 0 0 0 0 0 0   ...  -4.57015 0.450339 1.0815 0 0 0 0 0 0 0 
             0 0 0 0 0 0 0 0 0 0   ...  0.450339 -3.87109 0.435035 0 0 0 0 1.74459 -0.228077 0 
             0 0 0 0 0 0 0 0 0 0   ...  1.0815 0.435035 -4.1104 0 0 0 0 0 0.615354 1.46278 
             0 0 0 0 0 0 0 0 0 0   ...  0 0 0 -4.3005 1.63152 0.504171 0 0 0 0 
             0 0 0 0 0 0 0 0 0 0   ...  0 0 0 1.63152 -4.57895 0.443887 1.09803 0 0 0 
             0 0 0 0 0 0 0 0 0 0   ...  0 0 0 0.504171 0.443887 -3.83409 0.450832 1.70663 0.633239 0 
             0 0 0 0 0 0 0 0 0 0   ...  0 0 0 0 1.09803 0.450832 -4.17731 0 0 0 
             0 0 0 0 0 0 0 0 0 0   ...  0 1.74459 0 0 0 1.70663 0 -4.89119 0.737122 0 
             0 0 0 0 0 0 0 0 0 0   ...  0 -0.228077 0.615354 0 0 0.633239 0 0.737122 -3.53887 0.67031 
             0 0 0 0 0 0 0 0 0 0   ...  0 0 1.46278 0 0 0 0 0 0.67031 -4.27352 

b(psi_34) = 
 0 -1.91486 -3.27838 -0.918592 -0.745825 -0.892844 0.959021 0.912557 -1.35941 -1.91462  ...  3.60403 1.2502 2.22947 1.65717 3.60341 1.22423 2.12373 3.98597 0.20927 0.986932
A(psi_35) = 
             1 0 0 0 0 0 0 0 0 0   ...  0 0 0 0 0 0 0 0 0 0 
             0.671848 -3.38756 0.585523 0 0 0.552984 0 0 0 0   ...  0 0 0 0 0 0 0 0 0 0 
             0.897982 0.585523 -3.32381 0 0 0 0 0 0 0   ...  0 0 0 0 0 0 0 0 0 0 
             0.650085 0 0 -3.33903 0.492447 0.487548 0 0.684625 0 0   ...  0 0 0 0 0 0 0 0 0 0 
             0 0 0 0.492447 -3.33218 0.495225 0.678725 0.676173 0 0   ...  0 0 0 0 0 0 0 0 0 0 
             0.649138 0.552984 0 0.487548 0.495225 -3.33745 0.677386 0 0 0   ...  0 0 0 0 0 0 0 0 0 0 
             0 0 0 0 0.678725 0.677386 -3.49236 0 0 0   ...  0 0 0 0 0 0 0 0 0 0 
             0 0 0 0.684625 0.676173 0 0 -3.49427 0.732976 0   ...  0 0 0 0 0 0 0 0 0 0 
             0 0 0 0 0 0 0 0.732976 -3.39053 0.453313   ...  0 0 0 0 0 0 0 0 0 0 
             0 0 0 0 0 0 0 0 0.453313 -3.35907   ...  0 0 0 0 0 0 0 0 0 0 
               .
               .
               .
             0 0 0 0 0 0 0 0 0 0   ...  -4.56545 0.450029 1.08432 0 0 0 0 0 0 0 
             0 0 0 0 0 0 0 0 0 0   ...  0.450029 -3.86197 0.43603 0 0 0 0 1.73914 -0.226779 0 
             0 0 0 0 0 0 0 0 0 0   ...  1.08432 0.43603 -4.11365 0 0 0 0 0 0.617121 1.46272 
             0 0 0 0 0 0 0 0 0 0   ...  0 0 0 -4.30407 1.63023 0.500854 0 0 0 0 
             0 0 0 0 0 0 0 0 0 0   ...  0 0 0 1.63023 -4.57497 0.4433 1.10112 0 0 0 
             0 0 0 0 0 0 0 0 0 0   ...  0 0 0 0.500854 0.4433 -3.82254 0.452394 1.69946 0.631926 0 
             0 0 0 0 0 0 0 0 0 0   ...  0 0 0 0 1.10112 0.452394 -4.18304 0 0 0 
             0 0 0 0 0 0 0 0 0 0   ...  0 1.73914 0 0 0 1.69946 0 -4.8733 0.735765 0 
             0 0 0 0 0 0 0 0 0 0   ...  0 -0.226779 0.617121 0 0 0.631926 0 0.735765 -3.53552 0.668658 
             0 0 0 0 0 0 0 0 0 0   ...  0 0 1.46272 0 0 0 0 0 0.668658 -4.27334 

b(psi_35) = 
 0 -1.86458 -3.23818 -0.872118 -0.697912 -0.845547 0.988605 0.941621 -1.30754 -1.86547  ...  3.55995 1.20538 2.16649 1.60651 3.55871 1.17967 2.0497 3.98294 0.148548 0.938223
A(psi_36) = 
             1 0 0 0 0 0 0 0 0 0   ...  0 0 0 0 0 0 0 0 0 0 
             0.671426 -3.38926 0.586123 0 0 0.554748 0 0 0 0   ...  0 0 0 0 0 0 0 0 0 0 
             0.903486 0.586123 -3.32659 0 0 0 0 0 0 0   ...  0 0 0 0 0 0 0 0 0 0 
             0.649111 0 0 -3.33959 0.492455 0.487742 0 0.684837 0 0   ...  0 0 0 0 0 0 0 0 0 0 
             0 0 0 0.492455 -3.33259 0.495338 0.678812 0.67621 0 0   ...  0 0 0 0 0 0 0 0 0 0 
             0.647976 0.554748 0 0.487742 0.495338 -3.33791 0.677218 0 0 0   ...  0 0 0 0 0 0 0 0 0 0 
             0 0 0 0 0.678812 0.677218 -3.49338 0 0 0   ...  0 0 0 0 0 0 0 0 0 0 
             0 0 0 0.684837 0.67621 0 0 -3.49533 0.733548 0   ...  0 0 0 0 0 0 0 0 0 0 
             0 0 0 0 0 0 0 0.733548 -3.39233 0.452408   ...  0 0 0 0 0 0 0 0 0 0 
             0 0 0 0 0 0 0 0 0.452408 -3.36068   ...  0 0 0 0 0 0 0 0 0 0 
               .
               .
               .
             0 0 0 0 0 0 0 0 0 0   ...  -4.56109 0.44975 1.08712 0 0 0 0 0 0 0 
             0 0 0 0 0 0 0 0 0 0   ...  0.44975 -3.85339 0.436945 0 0 0 0 1.73436 -0.225719 0 
             0 0 0 0 0 0 0 0 0 0   ...  1.08712 0.436945 -4.117 0 0 0 0 0 0.618891 1.4628 
             0 0 0 0 0 0 0 0 0 0   ...  0 0 0 -4.30743 1.629 0.497627 0 0 0 0 
             0 0 0 0 0 0 0 0 0 0   ...  0 0 0 1.629 -4.57131 0.442762 1.10416 0 0 0 
             0 0 0 0 0 0 0 0 0 0   ...  0 0 0 0.497627 0.442762 -3.81163 0.453878 1.69302 0.630641 0 
             0 0 0 0 0 0 0 0 0 0   ...  0 0 0 0 1.10416 0.453878 -4.18882 0 0 0 
             0 0 0 0 0 0 0 0 0 0   ...  0 1.73436 0 0 0 1.69302 0 -4.85735 0.734639 0 
             0 0 0 0 0 0 0 0 0 0   ...  0 -0.225719 0.618891 0 0 0.630641 0 0.734639 -3.53234 0.667042 
             0 0 0 0 0 0 0 0 0 0   ...  0 0 1.4628 0 0 0 0 0 0.667042 -4.27319 

b(psi_36) = 
 0 -1.81494 -3.19743 -0.827433 -0.651899 -0.799997 1.01655 0.969032 -1.25678 -1.81669  ...  3.51556 1.15871 2.10361 1.55627 3.51372 1.13321 1.9757 3.97285 0.0886789 0.891199
A(psi_37) = 
             1 0 0 0 0 0 0 0 0 0   ...  0 0 0 0 0 0 0 0 0 0 
             0.670997 -3.39091 0.586713 0 0 0.556489 0 0 0 0   ...  0 0 0 0 0 0 0 0 0 0 
             0.908964 0.586713 -3.32946 0 0 0 0 0 0 0   ...  0 0 0 0 0 0 0 0 0 0 
             0.648141 0 0 -3.34011 0.492452 0.487939 0 0.685058 0 0   ...  0 0 0 0 0 0 0 0 0 0 
             0 0 0 0.492452 -3.33297 0.495441 0.678908 0.676257 0 0   ...  0 0 0 0 0 0 0 0 0 0 
             0.646812 0.556489 0 0.487939 0.495441 -3.33833 0.677053 0 0 0   ...  0 0 0 0 0 0 0 0 0 0 
             0 0 0 0 0.678908 0.677053 -3.49435 0 0 0   ...  0 0 0 0 0 0 0 0 0 0 
             0 0 0 0.685058 0.676257 0 0 -3.49634 0.734081 0   ...  0 0 0 0 0 0 0 0 0 0 
             0 0 0 0 0 0 0 0.734081 -3.39407 0.451495   ...  0 0 0 0 0 0 0 0 0 0 
             0 0 0 0 0 0 0 0 0.451495 -3.36224   ...  0 0 0 0 0 0 0 0 0 0 
               .
               .
               .
             0 0 0 0 0 0 0 0 0 0   ...  -4.55704 0.449516 1.08988 0 0 0 0 0 0 0 
             0 0 0 0 0 0 0 0 0 0   ...  0.449516 -3.84541 0.43778 0 0 0 0 1.73034 -0.224926 0 
             0 0 0 0 0 0 0 0 0 0   ...  1.08988 0.43778 -4.1204 0 0 0 0 0 0.620665 1.46302 
             0 0 0 0 0 0 0 0 0 0   ...  0 0 0 -4.31055 1.62777 0.494495 0 0 0 0 
             0 0 0 0 0 0 0 0 0 0   ...  0 0 0 1.62777 -4.56793 0.442287 1.10714 0 0 0 
             0 0 0 0 0 0 0 0 0 0   ...  0 0 0 0.494495 0.442287 -3.80142 0.455281 1.68742 0.629376 0 
             0 0 0 0 0 0 0 0 0 0   ...  0 0 0 0 1.10714 0.455281 -4.19461 0 0 0 
             0 0 0 0 0 0 0 0 0 0   ...  0 1.73034 0 0 0 1.68742 0 -4.84358 0.733762 0 
             0 0 0 0 0 0 0 0 0 0   ...  0 -0.224926 0.620665 0 0 0.629376 0 0.733762 -3.52931 0.665466 
             0 0 0 0 0 0 0 0 0 0   ...  0 0 1.46302 0 0 0 0 0 0.665466 -4.27305 

b(psi_37) = 
 0 -1.76595 -3.1562 -0.784506 -0.607745 -0.756163 1.04288 0.994813 -1.20715 -1.76833  ...  3.47094 1.11042 2.04101 1.50654 3.46851 1.08512 1.90195 3.95539 0.0299233 0.845895
A(psi_38) = 
             1 0 0 0 0 0 0 0 0 0   ...  0 0 0 0 0 0 0 0 0 0 
             0.670564 -3.3925 0.587293 0 0 0.558206 0 0 0 0   ...  0 0 0 0 0 0 0 0 0 0 
             0.914415 0.587293 -3.3324 0 0 0 0 0 0 0   ...  0 0 0 0 0 0 0 0 0 0 
             0.647175 0 0 -3.34061 0.492439 0.48814 0 0.685288 0 0   ...  0 0 0 0 0 0 0 0 0 0 
             0 0 0 0.492439 -3.33333 0.495533 0.679015 0.676315 0 0   ...  0 0 0 0 0 0 0 0 0 0 
             0.645645 0.558206 0 0.48814 0.495533 -3.33873 0.676892 0 0 0   ...  0 0 0 0 0 0 0 0 0 0 
             0 0 0 0 0.679015 0.676892 -3.49528 0 0 0   ...  0 0 0 0 0 0 0 0 0 0 
             0 0 0 0.685288 0.676315 0 0 -3.49731 0.734577 0   ...  0 0 0 0 0 0 0 0 0 0 
             0 0 0 0 0 0 0 0.734577 -3.39576 0.450577   ...  0 0 0 0 0 0 0 0 0 0 
             0 0 0 0 0 0 0 0 0.450577 -3.36374   ...  0 0 0 0 0 0 0 0 0 0 
               .
               .
               .
             0 0 0 0 0 0 0 0 0 0   ...  -4.55326 0.449338 1.0926 0 0 0 0 0 0 0 
             0 0 0 0 0 0 0 0 0 0   ...  0.449338 -3.83812 0.438533 0 0 0 0 1.72719 -0.224426 0 
             0 0 0 0 0 0 0 0 0 0   ...  1.0926 0.438533 -4.12384 0 0 0 0 0 0.622444 1.46334 
             0 0 0 0 0 0 0 0 0 0   ...  0 0 0 -4.31339 1.62652 0.491463 0 0 0 0 
             0 0 0 0 0 0 0 0 0 0   ...  0 0 0 1.62652 -4.56477 0.441889 1.11003 0 0 0 
             0 0 0 0 0 0 0 0 0 0   ...  0 0 0 0.491463 0.441889 -3.79201 0.456605 1.68272 0.628126 0 
             0 0 0 0 0 0 0 0 0 0   ...  0 0 0 0 1.11003 0.456605 -4.20037 0 0 0 
             0 0 0 0 0 0 0 0 0 0   ...  0 1.72719 0 0 0 1.68272 0 -4.8322 0.733149 0 
             0 0 0 0 0 0 0 0 0 0   ...  0 -0.224426 0.622444 0 0 0.628126 0 0.733149 -3.52642 0.663939 
             0 0 0 0 0 0 0 0 0 0   ...  0 0 1.46334 0 0 0 0 0 0.663939 -4.2729 

b(psi_38) = 
 0 -1.71767 -3.11457 -0.743313 -0.565421 -0.714024 1.06761 1.01898 -1.15868 -1.72045  ...  3.42616 1.06072 1.97883 1.45739 3.42318 1.03573 1.8287 3.93035 -0.0274821 0.802337
A(psi_39) = 
             1 0 0 0 0 0 0 0 0 0   ...  0 0 0 0 0 0 0 0 0 0 
             0.670126 -3.39404 0.587863 0 0 0.559899 0 0 0 0   ...  0 0 0 0 0 0 0 0 0 0 
             0.91984 0.587863 -3.33541 0 0 0 0 0 0 0   ...  0 0 0 0 0 0 0 0 0 0 
             0.646214 0 0 -3.34109 0.492416 0.488345 0 0.685527 0 0   ...  0 0 0 0 0 0 0 0 0 0 
             0 0 0 0.492416 -3.33367 0.495615 0.67913 0.676384 0 0   ...  0 0 0 0 0 0 0 0 0 0 
             0.644475 0.559899 0 0.488345 0.495615 -3.3391 0.676736 0 0 0   ...  0 0 0 0 0 0 0 0 0 0 
             0 0 0 0 0.67913 0.676736 -3.49617 0 0 0   ...  0 0 0 0 0 0 0 0 0 0 
             0 0 0 0.685527 0.676384 0 0 -3.49823 0.735038 0   ...  0 0 0 0 0 0 0 0 0 0 
             0 0 0 0 0 0 0 0.735038 -3.39739 0.449654   ...  0 0 0 0 0 0 0 0 0 0 
             0 0 0 0 0 0 0 0 0.449654 -3.36518   ...  0 0 0 0 0 0 0 0 0 0 
               .
               .
               .
             0 0 0 0 0 0 0 0 0 0   ...  -4.54972 0.449226 1.09526 0 0 0 0 0 0 0 
             0 0 0 0 0 0 0 0 0 0   ...  0.449226 -3.83157 0.439205 0 0 0 0 1.72496 -0.224242 0 
             0 0 0 0 0 0 0 0 0 0   ...  1.09526 0.439205 -4.12728 0 0 0 0 0 0.624227 1.46377 
             0 0 0 0 0 0 0 0 0 0   ...  0 0 0 -4.31591 1.62521 0.488537 0 0 0 0 
             0 0 0 0 0 0 0 0 0 0   ...  0 0 0 1.62521 -4.56179 0.441579 1.11283 0 0 0 
             0 0 0 0 0 0 0 0 0 0   ...  0 0 0 0.488537 0.441579 -3.78345 0.45785 1.67901 0.626886 0 
             0 0 0 0 0 0 0 0 0 0   ...  0 0 0 0 1.11283 0.45785 -4.20606 0 0 0 
             0 0 0 0 0 0 0 0 0 0   ...  0 1.72496 0 0 0 1.67901 0 -4.82338 0.732812 0 
             0 0 0 0 0 0 0 0 0 0   ...  0 -0.224242 0.624227 0 0 0.626886 0 0.732812 -3.52367 0.662464 
             0 0 0 0 0 0 0 0 0 0   ...  0 0 1.46377 0 0 0 0 0 0.662464 -4.27273 

b(psi_39) = 
 0 -1.67015 -3.07265 -0.703827 -0.524892 -0.673554 1.09077 1.04154 -1.1114 -1.67311  ...  3.38132 1.00987 1.91727 1.40887 3.37782 0.985308 1.75617 3.89763 -0.0833087 0.760537
A(psi_40) = 
             1 0 0 0 0 0 0 0 0 0   ...  0 0 0 0 0 0 0 0 0 0 
             0.669684 -3.39552 0.588423 0 0 0.561567 0 0 0 0   ...  0 0 0 0 0 0 0 0 0 0 
             0.925239 0.588423 -3.33849 0 0 0 0 0 0 0   ...  0 0 0 0 0 0 0 0 0 0 
             0.645258 0 0 -3.34153 0.492384 0.488554 0 0.685775 0 0   ...  0 0 0 0 0 0 0 0 0 0 
             0 0 0 0.492384 -3.33399 0.495688 0.679255 0.676462 0 0   ...  0 0 0 0 0 0 0 0 0 0 
             0.643304 0.561567 0 0.488554 0.495688 -3.33943 0.676584 0 0 0   ...  0 0 0 0 0 0 0 0 0 0 
             0 0 0 0 0.679255 0.676584 -3.49703 0 0 0   ...  0 0 0 0 0 0 0 0 0 0 
             0 0 0 0.685775 0.676462 0 0 -3.49912 0.735463 0   ...  0 0 0 0 0 0 0 0 0 0 
             0 0 0 0 0 0 0 0.735463 -3.39898 0.448725   ...  0 0 0 0 0 0 0 0 0 0 
             0 0 0 0 0 0 0 0 0.448725 -3.36657   ...  0 0 0 0 0 0 0 0 0 0 
               .
               .
               .
             0 0 0 0 0 0 0 0 0 0   ...  -4.54636 0.449188 1.09785 0 0 0 0 0 0 0 
             0 0 0 0 0 0 0 0 0 0   ...  0.449188 -3.82583 0.439795 0 0 0 0 1.72372 -0.224392 0 
             0 0 0 0 0 0 0 0 0 0   ...  1.09785 0.439795 -4.13069 0 0 0 0 0 0.626017 1.46428 
             0 0 0 0 0 0 0 0 0 0   ...  0 0 0 -4.31809 1.62382 0.485722 0 0 0 0 
             0 0 0 0 0 0 0 0 0 0   ...  0 0 0 1.62382 -4.55893 0.441365 1.11552 0 0 0 
             0 0 0 0 0 0 0 0 0 0   ...  0 0 0 0.485722 0.441365 -3.77582 0.459018 1.67634 0.625655 0 
             0 0 0 0 0 0 0 0 0 0   ...  0 0 0 0 1.11552 0.459018 -4.21164 0 0 0 
             0 0 0 0 0 0 0 0 0 0   ...  0 1.72372 0 0 0 1.67634 0 -4.81725 0.732755 0 
             0 0 0 0 0 0 0 0 0 0   ...  0 -0.224392 0.626017 0 0 0.625655 0 0.732755 -3.52103 0.661047 
             0 0 0 0 0 0 0 0 0 0   ...  0 0 1.46428 0 0 0 0 0 0.661047 -4.27253 

b(psi_40) = 
 0 -1.6234 -3.0305 -0.666029 -0.486129 -0.634731 1.11236 1.06252 -1.06532 -1.62637  ...  3.33651 0.958093 1.85645 1.36107 3.33255 0.93416 1.6846 3.85719 -0.137351 0.720504
A(psi_41) = 
             1 0 0 0 0 0 0 0 0 0   ...  0 0 0 0 0 0 0 0 0 0 
             0.66924 -3.39694 0.588972 0 0 0.563212 0 0 0 0   ...  0 0 0 0 0 0 0 0 0 0 
             0.930611 0.588972 -3.34163 0 0 0 0 0 0 0   ...  0 0 0 0 0 0 0 0 0 0 
             0.644307 0 0 -3.34195 0.492343 0.488766 0 0.686032 0 0   ...  0 0 0 0 0 0 0 0 0 0 
             0 0 0 0.492343 -3.33429 0.495751 0.679389 0.67655 0 0   ...  0 0 0 0 0 0 0 0 0 0 
             0.642132 0.563212 0 0.488766 0.495751 -3.33975 0.676436 0 0 0   ...  0 0 0 0 0 0 0 0 0 0 
             0 0 0 0 0.679389 0.676436 -3.49785 0 0 0   ...  0 0 0 0 0 0 0 0 0 0 
             0 0 0 0.686032 0.67655 0 0 -3.49998 0.735856 0   ...  0 0 0 0 0 0 0 0 0 0 
             0 0 0 0 0 0 0 0.735856 -3.40052 0.447793   ...  0 0 0 0 0 0 0 0 0 0 
             0 0 0 0 0 0 0 0 0.447793 -3.3679   ...  0 0 0 0 0 0 0 0 0 0 
               .
               .
               .
             0 0 0 0 0 0 0 0 0 0   ...  -4.54313 0.449229 1.10036 0 0 0 0 0 0 0 
             0 0 0 0 0 0 0 0 0 0   ...  0.449229 -3.82095 0.440304 0 0 0 0 1.72353 -0.224887 0 
             0 0 0 0 0 0 0 0 0 0   ...  1.10036 0.440304 -4.13405 0 0 0 0 0 0.627813 1.46486 
             0 0 0 0 0 0 0 0 0 0   ...  0 0 0 -4.31988 1.62233 0.483022 0 0 0 0 
             0 0 0 0 0 0 0 0 0 0   ...  0 0 0 1.62233 -4.55615 0.441255 1.11809 0 0 0 
             0 0 0 0 0 0 0 0 0 0   ...  0 0 0 0.483022 0.441255 -3.76916 0.460111 1.67477 0.624433 0 
             0 0 0 0 0 0 0 0 0 0   ...  0 0 0 0 1.11809 0.460111 -4.21707 0 0 0 
             0 0 0 0 0 0 0 0 0 0   ...  0 1.72353 0 0 0 1.67477 0 -4.81393 0.732981 0 
             0 0 0 0 0 0 0 0 0 0   ...  0 -0.224887 0.627813 0 0 0.624433 0 0.732981 -3.51851 0.659692 
             0 0 0 0 0 0 0 0 0 0   ...  0 0 1.46486 0 0 0 0 0 0.659692 -4.27227 

b(psi_41) = 
 0 -1.57748 -2.98822 -0.629891 -0.449101 -0.597533 1.1324 1.08194 -1.02046 -1.58028  ...  3.29187 0.905612 1.79653 1.31404 3.28747 0.882571 1.61419 3.80909 -0.189428 0.682238
A(psi_42) = 
             1 0 0 0 0 0 0 0 0 0   ...  0 0 0 0 0 0 0 0 0 0 
             0.668794 -3.39832 0.58951 0 0 0.564833 0 0 0 0   ...  0 0 0 0 0 0 0 0 0 0 
             0.935956 0.58951 -3.34484 0 0 0 0 0 0 0   ...  0 0 0 0 0 0 0 0 0 0 
             0.643362 0 0 -3.34235 0.492294 0.488982 0 0.686296 0 0   ...  0 0 0 0 0 0 0 0 0 0 
             0 0 0 0.492294 -3.33458 0.495807 0.679531 0.676648 0 0   ...  0 0 0 0 0 0 0 0 0 0 
             0.640959 0.564833 0 0.488982 0.495807 -3.34003 0.676293 0 0 0   ...  0 0 0 0 0 0 0 0 0 0 
             0 0 0 0 0.679531 0.676293 -3.49863 0 0 0   ...  0 0 0 0 0 0 0 0 0 0 
             0 0 0 0.686296 0.676648 0 0 -3.50079 0.736215 0   ...  0 0 0 0 0 0 0 0 0 0 
             0 0 0 0 0 0 0 0.736215 -3.40201 0.446857   ...  0 0 0 0 0 0 0 0 0 0 
             0 0 0 0 0 0 0 0 0.446857 -3.36918   ...  0 0 0 0 0 0 0 0 0 0 
               .
               .
               .
             0 0 0 0 0 0 0 0 0 0   ...  -4.54 0.449354 1.10278 0 0 0 0 0 0 0 
             0 0 0 0 0 0 0 0 0 0   ...  0.449354 -3.81698 0.440735 0 0 0 0 1.72442 -0.225736 0 
             0 0 0 0 0 0 0 0 0 0   ...  1.10278 0.440735 -4.13732 0 0 0 0 0 0.629615 1.46549 
             0 0 0 0 0 0 0 0 0 0   ...  0 0 0 -4.32127 1.62069 0.480443 0 0 0 0 
             0 0 0 0 0 0 0 0 0 0   ...  0 0 0 1.62069 -4.5534 0.441254 1.12051 0 0 0 
             0 0 0 0 0 0 0 0 0 0   ...  0 0 0 0.480443 0.441254 -3.76351 0.461132 1.67432 0.623222 0 
             0 0 0 0 0 0 0 0 0 0   ...  0 0 0 0 1.12051 0.461132 -4.22232 0 0 0 
             0 0 0 0 0 0 0 0 0 0   ...  0 1.72442 0 0 0 1.67432 0 -4.81347 0.733486 0 
             0 0 0 0 0 0 0 0 0 0   ...  0 -0.225736 0.629615 0 0 0.623222 0 0.733486 -3.51609 0.658404 
             0 0 0 0 0 0 0 0 0 0   ...  0 0 1.46549 0 0 0 0 0 0.658404 -4.27194 

b(psi_42) = 
 0 -1.53241 -2.9459 -0.59539 -0.413779 -0.561932 1.15091 1.09982 -0.976845 -1.53488  ...  3.24749 0.852633 1.73766 1.26786 3.24271 0.830796 1.54515 3.75343 -0.239384 0.645731
A(psi_43) = 
             1 0 0 0 0 0 0 0 0 0   ...  0 0 0 0 0 0 0 0 0 0 
             0.668346 -3.39964 0.590038 0 0 0.566431 0 0 0 0   ...  0 0 0 0 0 0 0 0 0 0 
             0.941275 0.590038 -3.3481 0 0 0 0 0 0 0   ...  0 0 0 0 0 0 0 0 0 0 
             0.642422 0 0 -3.34272 0.492238 0.489201 0 0.686567 0 0   ...  0 0 0 0 0 0 0 0 0 0 
             0 0 0 0.492238 -3.33485 0.495854 0.679682 0.676755 0 0   ...  0 0 0 0 0 0 0 0 0 0 
             0.639786 0.566431 0 0.489201 0.495854 -3.3403 0.676154 0 0 0   ...  0 0 0 0 0 0 0 0 0 0 
             0 0 0 0 0.679682 0.676154 -3.49938 0 0 0   ...  0 0 0 0 0 0 0 0 0 0 
             0 0 0 0.686567 0.676755 0 0 -3.50158 0.736544 0   ...  0 0 0 0 0 0 0 0 0 0 
             0 0 0 0 0 0 0 0.736544 -3.40346 0.445918   ...  0 0 0 0 0 0 0 0 0 0 
             0 0 0 0 0 0 0 0 0.445918 -3.37041   ...  0 0 0 0 0 0 0 0 0 0 
               .
               .
               .
             0 0 0 0 0 0 0 0 0 0   ...  -4.53691 0.449566 1.1051 0 0 0 0 0 0 0 
             0 0 0 0 0 0 0 0 0 0   ...  0.449566 -3.81394 0.441089 0 0 0 0 1.72641 -0.226942 0 
             0 0 0 0 0 0 0 0 0 0   ...  1.1051 0.441089 -4.1405 0 0 0 0 0 0.631424 1.46617 
             0 0 0 0 0 0 0 0 0 0   ...  0 0 0 -4.32224 1.61891 0.477989 0 0 0 0 
             0 0 0 0 0 0 0 0 0 0   ...  0 0 0 1.61891 -4.55063 0.441364 1.12278 0 0 0 
             0 0 0 0 0 0 0 0 0 0   ...  0 0 0 0.477989 0.441364 -3.75893 0.462083 1.67503 0.622026 0 
             0 0 0 0 0 0 0 0 0 0   ...  0 0 0 0 1.12278 0.462083 -4.22737 0 0 0 
             0 0 0 0 0 0 0 0 0 0   ...  0 1.72641 0 0 0 1.67503 0 -4.81593 0.734263 0 
             0 0 0 0 0 0 0 0 0 0   ...  0 -0.226942 0.631424 0 0 0.622026 0 0.734263 -3.51377 0.657183 
             0 0 0 0 0 0 0 0 0 0   ...  0 0 1.46617 0 0 0 0 0 0.657183 -4.27154 

b(psi_43) = 
 0 -1.48824 -2.9036 -0.562494 -0.38013 -0.527903 1.16793 1.11618 -0.934485 -1.49024  ...  3.2035 0.799327 1.67995 1.22258 3.19837 0.779049 1.47765 3.69037 -0.287098 0.610964
A(psi_44) = 
             1 0 0 0 0 0 0 0 0 0   ...  0 0 0 0 0 0 0 0 0 0 
             0.667899 -3.40091 0.590556 0 0 0.568005 0 0 0 0   ...  0 0 0 0 0 0 0 0 0 0 
             0.946568 0.590556 -3.35141 0 0 0 0 0 0 0   ...  0 0 0 0 0 0 0 0 0 0 
             0.641487 0 0 -3.34308 0.492174 0.489424 0 0.686846 0 0   ...  0 0 0 0 0 0 0 0 0 0 
             0 0 0 0.492174 -3.33511 0.495894 0.67984 0.67687 0 0   ...  0 0 0 0 0 0 0 0 0 0 
             0.638612 0.568005 0 0.489424 0.495894 -3.34054 0.676019 0 0 0   ...  0 0 0 0 0 0 0 0 0 0 
             0 0 0 0 0.67984 0.676019 -3.5001 0 0 0   ...  0 0 0 0 0 0 0 0 0 0 
             0 0 0 0.686846 0.67687 0 0 -3.50233 0.736842 0   ...  0 0 0 0 0 0 0 0 0 0 
             0 0 0 0 0 0 0 0.736842 -3.40487 0.444978   ...  0 0 0 0 0 0 0 0 0 0 
             0 0 0 0 0 0 0 0 0.444978 -3.37159   ...  0 0 0 0 0 0 0 0 0 0 
               .
               .
               .
             0 0 0 0 0 0 0 0 0 0   ...  -4.53383 0.449865 1.1073 0 0 0 0 0 0 0 
             0 0 0 0 0 0 0 0 0 0   ...  0.449865 -3.81188 0.441369 0 0 0 0 1.72951 -0.228501 0 
             0 0 0 0 0 0 0 0 0 0   ...  1.1073 0.441369 -4.14356 0 0 0 0 0 0.63324 1.46688 
             0 0 0 0 0 0 0 0 0 0   ...  0 0 0 -4.32277 1.61694 0.475662 0 0 0 0 
             0 0 0 0 0 0 0 0 0 0   ...  0 0 0 1.61694 -4.5478 0.441589 1.12489 0 0 0 
             0 0 0 0 0 0 0 0 0 0   ...  0 0 0 0.475662 0.441589 -3.75542 0.462968 1.67689 0.620854 0 
             0 0 0 0 0 0 0 0 0 0   ...  0 0 0 0 1.12489 0.462968 -4.23218 0 0 0 
             0 0 0 0 0 0 0 0 0 0   ...  0 1.72951 0 0 0 1.67689 0 -4.82128 0.735299 0 
             0 0 0 0 0 0 0 0 0 0   ...  0 -0.228501 0.63324 0 0 0.620854 0 0.735299 -3.51156 0.656034 
             0 0 0 0 0 0 0 0 0 0   ...  0 0 1.46688 0 0 0 0 0 0.656034 -4.27104 

b(psi_44) = 
 0 -1.44499 -2.86141 -0.531171 -0.348117 -0.495412 1.18347 1.13105 -0.893382 -1.44638  ...  3.16001 0.745843 1.62354 1.17826 3.15458 0.727521 1.41187 3.62012 -0.332474 0.577922
A(psi_45) = 
             1 0 0 0 0 0 0 0 0 0   ...  0 0 0 0 0 0 0 0 0 0 
             0.667453 -3.40214 0.591063 0 0 0.569556 0 0 0 0   ...  0 0 0 0 0 0 0 0 0 0 
             0.951834 0.591063 -3.35478 0 0 0 0 0 0 0   ...  0 0 0 0 0 0 0 0 0 0 
             0.640557 0 0 -3.3434 0.492103 0.489651 0 0.687131 0 0   ...  0 0 0 0 0 0 0 0 0 0 
             0 0 0 0.492103 -3.33535 0.495926 0.680007 0.676994 0 0   ...  0 0 0 0 0 0 0 0 0 0 
             0.637438 0.569556 0 0.489651 0.495926 -3.34075 0.675888 0 0 0   ...  0 0 0 0 0 0 0 0 0 0 
             0 0 0 0 0.680007 0.675888 -3.50079 0 0 0   ...  0 0 0 0 0 0 0 0 0 0 
             0 0 0 0.687131 0.676994 0 0 -3.50304 0.737112 0   ...  0 0 0 0 0 0 0 0 0 0 
             0 0 0 0 0 0 0 0.737112 -3.40624 0.444036   ...  0 0 0 0 0 0 0 0 0 0 
             0 0 0 0 0 0 0 0 0.444036 -3.37272   ...  0 0 0 0 0 0 0 0 0 0 
               .
               .
               .
             0 0 0 0 0 0 0 0 0 0   ...  -4.53072 0.45025 1.10939 0 0 0 0 0 0 0 
             0 0 0 0 0 0 0 0 0 0   ...  0.45025 -3.8108 0.441577 0 0 0 0 1.73373 -0.230406 0 
             0 0 0 0 0 0 0 0 0 0   ...  1.10939 0.441577 -4.14647 0 0 0 0 0 0.635061 1.46762 
             0 0 0 0 0 0 0 0 0 0   ...  0 0 0 -4.32285 1.61478 0.473465 0 0 0 0 
             0 0 0 0 0 0 0 0 0 0   ...  0 0 0 1.61478 -4.54486 0.441926 1.12683 0 0 0 
             0 0 0 0 0 0 0 0 0 0   ...  0 0 0 0.473465 0.441926 -3.75301 0.463789 1.67991 0.619716 0 
             0 0 0 0 0 0 0 0 0 0   ...  0 0 0 0 1.12683 0.463789 -4.23674 0 0 0 
             0 0 0 0 0 0 0 0 0 0   ...  0 1.73373 0 0 0 1.67991 0 -4.82949 0.736577 0 
             0 0 0 0 0 0 0 0 0 0   ...  0 -0.230406 0.635061 0 0 0.619716 0 0.736577 -3.50944 0.654956 
             0 0 0 0 0 0 0 0 0 0   ...  0 0 1.46762 0 0 0 0 0 0.654956 -4.27045 

b(psi_45) = 
 0 -1.40268 -2.81939 -0.501388 -0.317702 -0.464433 1.19756 1.14446 -0.853542 -1.40336  ...  3.11714 0.692296 1.56851 1.13497 3.11142 0.676353 1.34796 3.54292 -0.375465 0.546572
A(psi_46) = 
             1 0 0 0 0 0 0 0 0 0   ...  0 0 0 0 0 0 0 0 0 0 
             0.667008 -3.40332 0.591561 0 0 0.571085 0 0 0 0   ...  0 0 0 0 0 0 0 0 0 0 
             0.957075 0.591561 -3.35819 0 0 0 0 0 0 0   ...  0 0 0 0 0 0 0 0 0 0 
             0.639633 0 0 -3.34371 0.492026 0.489882 0 0.687423 0 0   ...  0 0 0 0 0 0 0 0 0 0 
             0 0 0 0.492026 -3.33558 0.495951 0.680181 0.677127 0 0   ...  0 0 0 0 0 0 0 0 0 0 
             0.636264 0.571085 0 0.489882 0.495951 -3.34095 0.675762 0 0 0   ...  0 0 0 0 0 0 0 0 0 0 
             0 0 0 0 0.680181 0.675762 -3.50145 0 0 0   ...  0 0 0 0 0 0 0 0 0 0 
             0 0 0 0.687423 0.677127 0 0 -3.50373 0.737354 0   ...  0 0 0 0 0 0 0 0 0 0 
             0 0 0 0 0 0 0 0.737354 -3.40757 0.443094   ...  0 0 0 0 0 0 0 0 0 0 
             0 0 0 0 0 0 0 0 0.443094 -3.37381   ...  0 0 0 0 0 0 0 0 0 0 
               .
               .
               .
             0 0 0 0 0 0 0 0 0 0   ...  -4.52753 0.450718 1.11135 0 0 0 0 0 0 0 
             0 0 0 0 0 0 0 0 0 0   ...  0.450718 -3.81071 0.441716 0 0 0 0 1.73904 -0.232644 0 
             0 0 0 0 0 0 0 0 0 0   ...  1.11135 0.441716 -4.14923 0 0 0 0 0 0.636888 1.46836 
             0 0 0 0 0 0 0 0 0 0   ...  0 0 0 -4.32247 1.61243 0.4714 0 0 0 0 
             0 0 0 0 0 0 0 0 0 0   ...  0 0 0 1.61243 -4.54178 0.442374 1.12859 0 0 0 
             0 0 0 0 0 0 0 0 0 0   ...  0 0 0 0.4714 0.442374 -3.75171 0.464551 1.68406 0.618622 0 
             0 0 0 0 0 0 0 0 0 0   ...  0 0 0 0 1.12859 0.464551 -4.24101 0 0 0 
             0 0 0 0 0 0 0 0 0 0   ...  0 1.73904 0 0 0 1.68406 0 -4.84048 0.738074 0 
             0 0 0 0 0 0 0 0 0 0   ...  0 -0.232644 0.636888 0 0 0.618622 0 0.738074 -3.50742 0.653952 
             0 0 0 0 0 0 0 0 0 0   ...  0 0 1.46836 0 0 0 0 0 0.653952 -4.26976 

b(psi_46) = 
 0 -1.36133 -2.77759 -0.473106 -0.288845 -0.434918 1.21026 1.15646 -0.814959 -1.36119  ...  3.07498 0.638756 1.51498 1.09276 3.06901 0.62565 1.28606 3.45907 -0.416051 0.516895
A(psi_47) = 
             1 0 0 0 0 0 0 0 0 0   ...  0 0 0 0 0 0 0 0 0 0 
             0.666567 -3.40446 0.59205 0 0 0.572591 0 0 0 0   ...  0 0 0 0 0 0 0 0 0 0 
             0.962289 0.59205 -3.36165 0 0 0 0 0 0 0   ...  0 0 0 0 0 0 0 0 0 0 
             0.638713 0 0 -3.344 0.491943 0.490116 0 0.68772 0 0   ...  0 0 0 0 0 0 0 0 0 0 
             0 0 0 0.491943 -3.3358 0.49597 0.680362 0.677267 0 0   ...  0 0 0 0 0 0 0 0 0 0 
             0.635091 0.572591 0 0.490116 0.49597 -3.34113 0.675639 0 0 0   ...  0 0 0 0 0 0 0 0 0 0 
             0 0 0 0 0.680362 0.675639 -3.50208 0 0 0   ...  0 0 0 0 0 0 0 0 0 0 
             0 0 0 0.68772 0.677267 0 0 -3.50439 0.73757 0   ...  0 0 0 0 0 0 0 0 0 0 
             0 0 0 0 0 0 0 0.73757 -3.40886 0.442152   ...  0 0 0 0 0 0 0 0 0 0 
             0 0 0 0 0 0 0 0 0.442152 -3.37484   ...  0 0 0 0 0 0 0 0 0 0 
               .
               .
               .
             0 0 0 0 0 0 0 0 0 0   ...  -4.52424 0.451266 1.11318 0 0 0 0 0 0 0 
             0 0 0 0 0 0 0 0 0 0   ...  0.451266 -3.81162 0.441788 0 0 0 0 1.74541 -0.235195 0 
             0 0 0 0 0 0 0 0 0 0   ...  1.11318 0.441788 -4.15183 0 0 0 0 0 0.638719 1.46911 
             0 0 0 0 0 0 0 0 0 0   ...  0 0 0 -4.32163 1.60986 0.469468 0 0 0 0 
             0 0 0 0 0 0 0 0 0 0   ...  0 0 0 1.60986 -4.53853 0.442931 1.13017 0 0 0 
             0 0 0 0 0 0 0 0 0 0   ...  0 0 0 0.469468 0.442931 -3.75152 0.465256 1.68931 0.617588 0 
             0 0 0 0 0 0 0 0 0 0   ...  0 0 0 0 1.13017 0.465256 -4.24499 0 0 0 
             0 0 0 0 0 0 0 0 0 0   ...  0 1.74541 0 0 0 1.68931 0 -4.85414 0.739764 0 
             0 0 0 0 0 0 0 0 0 0   ...  0 -0.235195 0.638719 0 0 0.617588 0 0.739764 -3.50551 0.65302 
             0 0 0 0 0 0 0 0 0 0   ...  0 0 1.46911 0 0 0 0 0 0.65302 -4.26895 

b(psi_47) = 
 0 -1.32096 -2.73609 -0.446284 -0.261497 -0.406831 1.22158 1.16707 -0.777632 -1.3199  ...  3.03362 0.585283 1.46301 1.05166 3.02741 0.575466 1.22629 3.36893 -0.454227 0.488853
A(psi_48) = 
             1 0 0 0 0 0 0 0 0 0   ...  0 0 0 0 0 0 0 0 0 0 
             0.666129 -3.40555 0.592529 0 0 0.574076 0 0 0 0   ...  0 0 0 0 0 0 0 0 0 0 
             0.967478 0.592529 -3.36515 0 0 0 0 0 0 0   ...  0 0 0 0 0 0 0 0 0 0 
             0.637799 0 0 -3.34427 0.491855 0.490354 0 0.688023 0 0   ...  0 0 0 0 0 0 0 0 0 0 
             0 0 0 0.491855 -3.33602 0.495983 0.680551 0.677415 0 0   ...  0 0 0 0 0 0 0 0 0 0 
             0.633918 0.574076 0 0.490354 0.495983 -3.34128 0.675521 0 0 0   ...  0 0 0 0 0 0 0 0 0 0 
             0 0 0 0 0.680551 0.675521 -3.50269 0 0 0   ...  0 0 0 0 0 0 0 0 0 0 
             0 0 0 0.688023 0.677415 0 0 -3.50502 0.73776 0   ...  0 0 0 0 0 0 0 0 0 0 
             0 0 0 0 0 0 0 0.73776 -3.41013 0.441212   ...  0 0 0 0 0 0 0 0 0 0 
             0 0 0 0 0 0 0 0 0.441212 -3.37584   ...  0 0 0 0 0 0 0 0 0 0 
               .
               .
               .
             0 0 0 0 0 0 0 0 0 0   ...  -4.52083 0.451887 1.11489 0 0 0 0 0 0 0 
             0 0 0 0 0 0 0 0 0 0   ...  0.451887 -3.81352 0.441798 0 0 0 0 1.75279 -0.238036 0 
             0 0 0 0 0 0 0 0 0 0   ...  1.11489 0.441798 -4.15425 0 0 0 0 0 0.640553 1.46986 
             0 0 0 0 0 0 0 0 0 0   ...  0 0 0 -4.32034 1.60708 0.46767 0 0 0 0 
             0 0 0 0 0 0 0 0 0 0   ...  0 0 0 1.60708 -4.53509 0.443588 1.13155 0 0 0 
             0 0 0 0 0 0 0 0 0 0   ...  0 0 0 0.46767 0.443588 -3.75241 0.465907 1.69563 0.616631 0 
             0 0 0 0 0 0 0 0 0 0   ...  0 0 0 0 1.13155 0.465907 -4.24866 0 0 0 
             0 0 0 0 0 0 0 0 0 0   ...  0 1.75279 0 0 0 1.69563 0 -4.87031 0.741614 0 
             0 0 0 0 0 0 0 0 0 0   ...  0 -0.238036 0.640553 0 0 0.616631 0 0.741614 -3.50371 0.652159 
             0 0 0 0 0 0 0 0 0 0   ...  0 0 1.46986 0 0 0 0 0 0.652159 -4.26803 

b(psi_48) = 
 0 -1.28157 -2.69492 -0.420872 -0.235614 -0.380133 1.23158 1.17634 -0.741539 -1.27951  ...  2.99314 0.531879 1.41268 1.01174 2.98671 0.525821 1.16875 3.27292 -0.490051 0.462402
A(psi_49) = 
             1 0 0 0 0 0 0 0 0 0   ...  0 0 0 0 0 0 0 0 0 0 
             0.665696 -3.40661 0.592999 0 0 0.575539 0 0 0 0   ...  0 0 0 0 0 0 0 0 0 0 
             0.972641 0.592999 -3.36869 0 0 0 0 0 0 0   ...  0 0 0 0 0 0 0 0 0 0 
             0.63689 0 0 -3.34452 0.491761 0.490595 0 0.688331 0 0   ...  0 0 0 0 0 0 0 0 0 0 
             0 0 0 0.491761 -3.33622 0.49599 0.680746 0.67757 0 0   ...  0 0 0 0 0 0 0 0 0 0 
             0.632745 0.575539 0 0.490595 0.49599 -3.34142 0.675406 0 0 0   ...  0 0 0 0 0 0 0 0 0 0 
             0 0 0 0 0.680746 0.675406 -3.50327 0 0 0   ...  0 0 0 0 0 0 0 0 0 0 
             0 0 0 0.688331 0.67757 0 0 -3.50562 0.737925 0   ...  0 0 0 0 0 0 0 0 0 0 
             0 0 0 0 0 0 0 0.737925 -3.41136 0.440272   ...  0 0 0 0 0 0 0 0 0 0 
             0 0 0 0 0 0 0 0 0.440272 -3.3768   ...  0 0 0 0 0 0 0 0 0 0 
               .
               .
               .
             0 0 0 0 0 0 0 0 0 0   ...  -4.51726 0.452576 1.11646 0 0 0 0 0 0 0 
             0 0 0 0 0 0 0 0 0 0   ...  0.452576 -3.81637 0.441747 0 0 0 0 1.76113 -0.241137 0 
             0 0 0 0 0 0 0 0 0 0   ...  1.11646 0.441747 -4.1565 0 0 0 0 0 0.64239 1.47059 
             0 0 0 0 0 0 0 0 0 0   ...  0 0 0 -4.3186 1.60408 0.466003 0 0 0 0 
             0 0 0 0 0 0 0 0 0 0   ...  0 0 0 1.60408 -4.53143 0.444344 1.13274 0 0 0 
             0 0 0 0 0 0 0 0 0 0   ...  0 0 0 0.466003 0.444344 -3.75438 0.466507 1.70293 0.615768 0 
             0 0 0 0 0 0 0 0 0 0   ...  0 0 0 0 1.13274 0.466507 -4.25202 0 0 0 
             0 0 0 0 0 0 0 0 0 0   ...  0 1.76113 0 0 0 1.70293 0 -4.8888 0.743591 0 
             0 0 0 0 0 0 0 0 0 0   ...  0 -0.241137 0.64239 0 0 0.615768 0 0.743591 -3.50203 0.651368 
             0 0 0 0 0 0 0 0 0 0   ...  0 0 1.47059 0 0 0 0 0 0.651368 -4.26699 

b(psi_49) = 
 0 -1.24317 -2.65413 -0.396825 -0.211148 -0.354769 1.2403 1.18433 -0.706671 -1.24005  ...  2.95361 0.478537 1.36403 0.973025 2.94696 0.476705 1.1135 3.17156 -0.523582 0.437511
A(psi_50) = 
             1 0 0 0 0 0 0 0 0 0   ...  0 0 0 0 0 0 0 0 0 0 
             0.665269 -3.40763 0.593461 0 0 0.576982 0 0 0 0   ...  0 0 0 0 0 0 0 0 0 0 
             0.97778 0.593461 -3.37227 0 0 0 0 0 0 0   ...  0 0 0 0 0 0 0 0 0 0 
             0.635985 0 0 -3.34476 0.491663 0.49084 0 0.688643 0 0   ...  0 0 0 0 0 0 0 0 0 0 
             0 0 0 0.491663 -3.33641 0.495992 0.680947 0.677733 0 0   ...  0 0 0 0 0 0 0 0 0 0 
             0.631573 0.576982 0 0.49084 0.495992 -3.34154 0.675296 0 0 0   ...  0 0 0 0 0 0 0 0 0 0 
             0 0 0 0 0.680947 0.675296 -3.50382 0 0 0   ...  0 0 0 0 0 0 0 0 0 0 
             0 0 0 0.688643 0.677733 0 0 -3.50619 0.738067 0   ...  0 0 0 0 0 0 0 0 0 0 
             0 0 0 0 0 0 0 0.738067 -3.41256 0.439335   ...  0 0 0 0 0 0 0 0 0 0 
             0 0 0 0 0 0 0 0 0.439335 -3.37772   ...  0 0 0 0 0 0 0 0 0 0 
               .
               .
               .
             0 0 0 0 0 0 0 0 0 0   ...  -4.51354 0.453326 1.11789 0 0 0 0 0 0 0 
             0 0 0 0 0 0 0 0 0 0   ...  0.453326 -3.82014 0.441637 0 0 0 0 1.77034 -0.244463 0 
             0 0 0 0 0 0 0 0 0 0   ...  1.11789 0.441637 -4.15856 0 0 0 0 0 0.644227 1.47131 
             0 0 0 0 0 0 0 0 0 0   ...  0 0 0 -4.31643 1.60087 0.464467 0 0 0 0 
             0 0 0 0 0 0 0 0 0 0   ...  0 0 0 1.60087 -4.52754 0.445189 1.13375 0 0 0 
             0 0 0 0 0 0 0 0 0 0   ...  0 0 0 0.464467 0.445189 -3.75738 0.467059 1.71117 0.61502 0 
             0 0 0 0 0 0 0 0 0 0   ...  0 0 0 0 1.13375 0.467059 -4.25505 0 0 0 
             0 0 0 0 0 0 0 0 0 0   ...  0 1.77034 0 0 0 1.71117 0 -4.90939 0.745652 0 
             0 0 0 0 0 0 0 0 0 0   ...  0 -0.244463 0.644227 0 0 0.61502 0 0.745652 -3.50048 0.650646 
             0 0 0 0 0 0 0 0 0 0   ...  0 0 1.47131 0 0 0 0 0 0.650646 -4.26584 

b(psi_50) = 
 0 -1.20576 -2.61377 -0.374099 -0.18805 -0.330704 1.24778 1.19106 -0.673009 -1.20151  ...  2.91507 0.425217 1.31711 0.935542 2.9082 0.42806 1.06062 3.06545 -0.554921 0.414126
