psi values:
psi1 = 
 0.000151908 -1.10036 -4.33798 2.40537 3.61667 2.51239 2.30588 2.10042 -0.0576407 -1.82178  ...  -18.0471 -19.1683 -17.6248 -17.0652 -17.8629 -18.7507 -17.9764 -19.6821 -17.3632 -15.8113
psi2 = 
 -1.04405e-08 -1.02585 -4.11715 2.3058 3.44708 2.40415 2.18688 1.99559 -0.0275602 -1.7146  ...  -17.5956 -18.6881 -17.1861 -16.613 -17.4128 -18.2756 -17.5318 -19.183 -16.9043 -15.3858
psi3 = 
 -6.56448e-07 -0.955233 -3.90581 2.21045 3.28544 2.3005 2.07321 1.89548 0.000612081 -1.61247  ...  -17.1532 -18.2171 -16.7562 -16.1705 -16.972 -17.81 -17.0961 -18.6922 -16.4547 -14.9691
psi4 = 
 -8.866e-08 -0.888245 -3.70348 2.11914 3.13137 2.20127 1.96464 1.79987 0.0270301 -1.51505  ...  -16.7199 -17.7552 -16.3349 -15.7374 -16.5405 -17.3536 -16.6691 -18.21 -16.0144 -14.561
psi5 = 
 -1.99259e-08 -0.824692 -3.50979 2.03168 2.98441 2.10625 1.8609 1.70854 0.0517854 -1.42214  ...  -16.2957 -17.3026 -15.9223 -15.3138 -16.1183 -16.9067 -16.2507 -17.7366 -15.5833 -14.1615
psi6 = 
 -4.17573e-09 -0.764359 -3.32436 1.94792 2.84424 2.01527 1.7618 1.6213 0.0750279 -1.33347  ...  -15.8806 -16.8593 -15.5181 -14.8995 -15.7053 -16.4694 -15.8409 -17.2724 -15.1615 -13.7705
psi7 = 
 -4.70848e-08 -0.707115 -3.14689 1.86767 2.71047 1.92812 1.66706 1.53793 0.0967997 -1.24889  ...  -15.4748 -16.4257 -15.1226 -14.4947 -15.3018 -16.0419 -15.4395 -16.818 -14.749 -13.388
psi8 = 
 -1.03645e-08 -0.652761 -2.97703 1.79082 2.58281 1.84467 1.57655 1.4583 0.117256 -1.16816  ...  -15.0782 -16.0019 -14.7355 -14.0993 -14.9077 -15.6244 -15.0467 -16.3738 -14.3459 -13.0139
psi9 = 
 -2.7027e-09 -0.601146 -2.81446 1.71724 2.46099 1.76478 1.49007 1.38226 0.136484 -1.0911  ...  -14.691 -15.5881 -14.357 -13.7132 -14.523 -15.2171 -14.6623 -15.9403 -13.9522 -12.6483
psi10 = 
 -4.68155e-10 -0.552135 -2.65891 1.6468 2.34472 1.68829 1.40745 1.30965 0.154561 -1.01753  ...  -14.3132 -15.1846 -13.9869 -13.3366 -14.1478 -14.8203 -14.2862 -15.518 -13.5681 -12.2912
psi11 = 
 -3.98292e-08 -0.505593 -2.51008 1.57936 2.23374 1.61507 1.32853 1.24032 0.171563 -0.947295  ...  -13.9447 -14.7915 -13.6254 -12.9694 -13.782 -14.434 -13.9185 -15.1074 -13.1935 -11.9425
psi12 = 
 -4.84072e-07 -0.461391 -2.3677 1.51482 2.12782 1.54499 1.25314 1.17415 0.187568 -0.880227  ...  -13.5856 -14.4089 -13.2722 -12.6115 -13.4256 -14.0584 -13.5591 -14.7089 -12.8285 -11.6021
psi13 = 
 -1.2038e-08 -0.419387 -2.23148 1.45308 2.02675 1.47794 1.18117 1.11102 0.202679 -0.81614  ...  -13.2357 -14.0369 -12.9273 -12.2627 -13.0783 -13.6935 -13.2076 -14.3226 -12.4729 -11.2699
psi14 = 
 -2.8507e-09 -0.379484 -2.10115 1.394 1.93027 1.41378 1.11244 1.05078 0.21692 -0.754926  ...  -12.8948 -13.6752 -12.5905 -11.9229 -12.74 -13.3392 -12.8641 -13.9488 -12.1267 -10.9459
psi15 = 
 -8.96897e-09 -0.34158 -1.97648 1.33745 1.83814 1.35237 1.04679 0.993273 0.230336 -0.696461  ...  -12.5628 -13.3239 -12.2616 -11.5918 -12.4105 -12.9952 -12.5281 -13.5874 -11.7895 -10.6298
psi16 = 
 -2.37177e-09 -0.305526 -1.85715 1.28338 1.75022 1.29363 0.984136 0.938442 0.243047 -0.640531  ...  -12.2392 -12.9825 -11.9402 -11.2691 -12.0893 -12.6613 -12.1995 -13.2382 -11.4611 -10.3213
psi17 = 
 -0.00313399 -0.271933 -1.7435 1.23083 1.66579 1.23651 0.923945 0.885902 0.255162 -0.586872  ...  -11.9238 -12.6505 -11.6263 -10.9544 -11.776 -12.3367 -11.8774 -12.9006 -11.1411 -10.0205
psi18 = 
 -5.72441e-09 -0.238603 -1.63356 1.18211 1.58603 1.1836 0.867147 0.836176 0.266415 -0.535909  ...  -11.6159 -12.3278 -11.3189 -10.6473 -11.4702 -12.0218 -11.5625 -12.5749 -10.8291 -9.72637
psi19 = 
 -5.1075e-09 -0.207573 -1.52883 1.13465 1.50931 1.13203 0.8125 0.78845 0.277114 -0.487005  ...  -11.3153 -12.0133 -11.0181 -10.3475 -11.1715 -11.715 -11.2533 -12.2596 -10.5246 -9.43921
psi20 = 
 -3.25063e-09 -0.177995 -1.42843 1.0892 1.43598 1.08265 0.7603 0.742895 0.287276 -0.440151  ...  -11.0213 -11.7065 -10.7233 -10.0542 -10.8792 -11.416 -10.9497 -11.9542 -10.2269 -9.15838
psi21 = 
 -6.88681e-09 -0.14976 -1.33211 1.04568 1.36587 1.03536 0.710444 0.69941 0.296951 -0.39521  ...  -10.7334 -11.4066 -10.4339 -9.76712 -10.5928 -11.1238 -10.6511 -11.6577 -9.93545 -8.88346
psi22 = 
 -2.72262e-09 -0.122849 -1.23973 1.00392 1.2987 0.989981 0.662721 0.657794 0.306071 -0.352189  ...  -10.4512 -11.1129 -10.1495 -9.48569 -10.3117 -10.8378 -10.3572 -11.3692 -9.64973 -8.61416
psi23 = 
 -2.90327e-08 -0.0970957 -1.15098 0.963901 1.23444 0.946505 0.617133 0.618056 0.31479 -0.310853  ...  -10.1738 -10.8244 -9.86961 -9.20933 -10.0354 -10.557 -10.0672 -11.0877 -9.36899 -8.34996
psi24 = 
 -2.60378e-09 -0.0725117 -1.06575 0.925445 1.17279 0.904743 0.573452 0.579972 0.322996 -0.271257  ...  -9.90112 -10.5405 -9.59381 -8.93771 -9.76334 -10.2807 -9.78094 -10.8122 -9.0928 -8.09063
psi25 = 
 -3.04406e-09 -0.049055 -0.983875 0.888437 1.11358 0.864577 0.53154 0.543411 0.330668 -0.233368  ...  -9.63255 -10.2604 -9.32174 -8.67044 -9.49524 -10.0083 -9.49805 -10.5417 -8.82066 -7.83589
psi26 = 
 -1.1339e-08 -0.0265173 -0.905059 0.852944 1.05686 0.826069 0.491506 0.508489 0.338053 -0.196861  ...  -9.36746 -9.98331 -9.05281 -8.40687 -9.23036 -9.7387 -9.21788 -10.2751 -8.55181 -7.58518
psi27 = 
 -6.99328e-08 -0.004919 -0.829215 0.818807 1.00241 0.789058 0.453152 0.475006 0.345032 -0.161814  ...  -9.10561 -9.70863 -8.78682 -8.14683 -8.96849 -9.47147 -8.94029 -10.0116 -8.28597 -7.33838
psi28 = 
 -1.83133e-08 0.01575 -0.756249 0.785919 0.950042 0.753434 0.416343 0.442836 0.351562 -0.128233  ...  -8.84675 -9.43591 -8.52358 -7.8901 -8.7094 -9.20611 -8.66513 -9.75041 -8.02282 -7.09534
psi29 = 
 -2.27251e-07 0.0355784 -0.685996 0.75426 0.899722 0.719176 0.381068 0.411971 0.357713 -0.0959976  ...  -8.59058 -9.16464 -8.26282 -7.6364 -8.4528 -8.94208 -8.39216 -9.49073 -7.76202 -6.85582
psi30 = 
 1.35874e-09 0.0546694 -0.618292 0.723836 0.851435 0.686287 0.347349 0.382432 0.363589 -0.0649611  ...  -8.33682 -8.89437 -8.00433 -7.38551 -8.19843 -8.67895 -8.12121 -9.23188 -7.50326 -6.61963
psi31 = 
 6.41955e-09 0.0729308 -0.553159 0.694477 0.804937 0.654593 0.314958 0.354001 0.369005 -0.0352925  ...  -8.0856 -8.6251 -7.74827 -7.13757 -7.94645 -8.4167 -7.85249 -8.97358 -7.24664 -6.38691
psi32 = 
 1.1512e-08 0.0904457 -0.490469 0.666187 0.760224 0.624098 0.283916 0.326698 0.374045 -0.00687869  ...  -7.8368 -8.35663 -7.49457 -6.8925 -7.69679 -8.15515 -7.586 -8.71542 -6.99205 -6.15758
psi33 = 
 2.88535e-08 0.107232 -0.430157 0.638928 0.717228 0.59476 0.254172 0.300477 0.378702 0.0203017  ...  -7.59048 -8.08897 -7.24331 -6.65039 -7.44952 -7.89428 -7.3219 -8.45717 -6.73955 -5.93169
psi34 = 
 1.21456e-07 0.123379 -0.372107 0.61273 0.675982 0.56661 0.225781 0.275394 0.383081 0.0463781  ...  -7.34664 -7.82212 -6.99455 -6.41123 -7.20468 -7.6341 -7.06027 -8.19864 -6.48917 -5.70922
psi35 = 
 3.16379e-08 0.138782 -0.316379 0.587449 0.636283 0.539501 0.198544 0.251256 0.387001 0.0711684  ...  -7.10566 -7.55647 -6.74868 -6.17542 -6.96269 -7.37504 -6.8016 -7.94007 -6.2413 -5.49051
psi36 = 
 -1.56472e-09 0.153569 -0.262827 0.563174 0.598242 0.513517 0.172588 0.228196 0.39064 0.0948826  ...  -6.86756 -7.29211 -6.50575 -5.94298 -6.72359 -7.11714 -6.546 -7.68139 -5.99601 -5.27553
psi37 = 
 5.74106e-09 0.167679 -0.211483 0.53981 0.561725 0.488564 0.147786 0.206086 0.393883 0.117407  ...  -6.63272 -7.02949 -6.26617 -5.71429 -6.4878 -6.8609 -6.29395 -7.42295 -5.75372 -5.06457
psi38 = 
 1.87921e-08 0.18118 -0.162259 0.517398 0.52678 0.464679 0.124194 0.184992 0.396825 0.138856  ...  -6.40132 -6.76892 -6.03013 -5.48951 -6.25553 -6.60661 -6.0457 -7.16496 -5.51467 -4.85774
psi39 = 
 5.11426e-09 0.194021 -0.115181 0.495857 0.493293 0.441777 0.101702 0.164805 0.39937 0.159134  ...  -6.17374 -6.5109 -5.79805 -5.26902 -6.02721 -6.3548 -5.80175 -6.90787 -5.27929 -4.65534
psi40 = 
 5.87701e-09 0.20625 -0.0701827 0.475212 0.46129 0.419883 0.0803455 0.145567 0.401585 0.178325  ...  -5.95022 -6.25578 -5.57016 -5.05302 -5.80308 -6.1058 -5.56237 -6.652 -5.04787 -4.4575
psi41 = 
 6.92064e-09 0.217848 -0.0272553 0.455422 0.43071 0.39895 0.0600665 0.127225 0.403435 0.196404  ...  -5.73109 -6.00404 -5.34681 -4.84183 -5.5835 -5.86011 -5.32799 -6.39782 -4.82079 -4.26444
psi42 = 
 -4.85391e-08 0.22883 0.0136368 0.43647 0.401526 0.37896 0.0408443 0.109763 0.404926 0.213386  ...  -5.51661 -5.75604 -5.12827 -4.63568 -5.36876 -5.61811 -5.0989 -6.14572 -4.59835 -4.07633
psi43 = 
 -2.21799e-09 0.239254 0.0525774 0.418388 0.373774 0.35994 0.0227202 0.0932315 0.406144 0.229378  ...  -5.30693 -5.51208 -4.91469 -4.43468 -5.15902 -5.38008 -4.87532 -5.89602 -4.38075 -3.89323
psi44 = 
 -4.40136e-09 0.249059 0.0895394 0.401086 0.347328 0.341797 0.00557326 0.0775138 0.406986 0.244284  ...  -5.1024 -5.27258 -4.70641 -4.23915 -4.95463 -5.14646 -4.65762 -5.64922 -4.16836 -3.71537
psi45 = 
 -2.17704e-09 0.258333 0.124633 0.384616 0.322248 0.324581 -0.0105255 0.0626858 0.407567 0.258243  ...  -4.90305 -5.0377 -4.50349 -4.04909 -4.75564 -4.91739 -4.44588 -5.40554 -3.96125 -3.54271
psi46 = 
 -1.25357e-09 0.267026 0.157852 0.368896 0.298418 0.308202 -0.025691 0.0486425 0.407807 0.271185  ...  -4.70914 -4.80774 -4.30615 -3.86472 -4.56231 -4.6932 -4.24036 -5.16541 -3.75967 -3.37542
psi47 = 
 -1.6107e-07 0.275204 0.189292 0.353952 0.275865 0.292685 -0.0398817 0.0354291 0.407793 0.283223  ...  -4.52067 -4.5828 -4.11443 -3.68601 -4.37465 -4.47397 -4.0411 -4.92903 -3.56367 -3.21342
psi48 = 
 -1.39513e-07 0.282838 0.218965 0.339714 0.254489 0.277957 -0.0531964 0.0229557 0.407464 0.294311  ...  -4.3378 -4.36307 -3.92844 -3.51309 -4.19279 -4.2599 -3.84825 -4.69674 -3.37339 -3.05681
psi49 = 
 -2.05773e-09 0.28995 0.246935 0.326165 0.234258 0.263994 -0.0656554 0.0112084 0.406844 0.304494  ...  -4.16055 -4.14865 -3.74822 -3.34595 -4.01676 -4.05106 -3.66182 -4.4688 -3.18887 -2.90553
psi50 = 
 -1.41558e-09 0.296608 0.273304 0.313331 0.215198 0.250818 -0.0772232 0.000229949 0.406025 0.313893  ...  -3.98884 -3.93953 -3.5737 -3.18447 -3.84648 -3.84745 -3.48174 -4.24537 -3.01004 -2.75948
